100
2 1 2
3 2 2
1 10 1
1 10 2
10 10 4
6 9 9
10 10 1
6 5 10
3 6 9
8 10 10
5 10 10
10 10 1
6 10 3
10 10 1
6 9 6
10 9 1
6 10 3
4 10 10
6 10 3
6 8 3
4 10 10
6 10 3
4 10 4
10 10 4
1 10 1
9 10 6
10 10 5
6 10 9
9 10 1
5 10 10
6 10 10
10 10 5
8 10 2
4 10 8
6 10 9
7 10 1
10 10 10
9 10 9
6 10 8
4 10 10
4 10 2
8 10 2
6 10 8
8 10 4
6 10 10
4 10 10
5 10 5
6 10 1
2 10 4
1 10 1
5 10 5
3 10 9
6 10 9
3 10 6
2 10 2
9 10 1
10 10 6
2 10 8
2 10 6
2 10 1
2 10 4
10 10 10
6 10 2
2 10 2
5 10 5
6 10 2
9 10 1
5 10 10
8 10 8
7 10 1
8 10 10
4 10 2
10 10 8
3 10 3
8 10 6
8 5 4
9 9 3
10 9 2
10 7 5
9 9 3
10 2 5
8 8 4
9 2 3
10 9 2
9 1 3
2 4 9
9 1 5
6 6 8
10 2 10
4 8 2
7 1 10
8 10 4
10 1 4
2 10 9
4 1 6
1 10 9
2 1 4
10 10 10
6 1 4
3 8 10
