100
100 1
100
10 3
20 3 15
1 5
679085 24573 332485 31156 690171
1 5
1 1 1 1 1
65317 5
800746 697087 411652 246865 74595
9 5
236 103 253 23 109
11 5
5 5 5 5 10
961280 4
450378 555866 348314 508955
220580 3
45502 623998 626712
2 5
360 96 259 28 363
156695 1
426683
213121 2
70513 479207
816899 4
559439 829574 788378 578853
4 5
862 737 711 599 586
242518 3
767914 284756 808565
536156 3
331637 69641 447499
701952 2
837353 533138
481536 5
215119 169650 214422 13592 346070
553222 5
124033 398969 160739 327724 305676
688341 2
536754 694956
315120 1
939970
2 5
91 47 256 555 527
98247 1
788804
11 5
10 5 5 5 5
754463 1
339972
10 5
2 3 3 2 3
623132 1
303720
460069 5
993 25066 159453 491937 993910
1000000 5
269256 355977 884750 759047 3437
578613 1
378967
3 5
4 1 1 3 4
387035 3
542226 929269 330679
8 5
2 1 2 2 1
597401 4
809100 201257 153299 243470
207457 3
657729 625374 644326
1000000 1
1000000
898514 5
148919 154577 387230 647463 290955
2 5
2 4 8 3 9
139413 3
30212 655785 996979
317902 3
20124 729074 433450
399559 2
49695 147312
1000000 5
1 1 1 1 1
2 5
3 3 1 3 1
384505 5
925982 875581 665666 650806 531729
66868 1
972012
550090 5
469845 939075 624685 397848 193861
341704 4
179200 691563 476236 454286
105671 3
473441 659267 628289
306708 5
109609 377484 394992 408433 615068
981421 5
439180 953478 749114 955643 269731
35321 5
144399 219242 920518 386916 987155
281726 5
768437 413635 842722 897317 779585
3 5
2 4 1 2 3
3 3
1 1 100
123854 1
947062
2 4
2 2 2 6
1000000 5
787479 793671 192856 527262 486417
691163 5
982193 972364 629857 400250 136379
2 5
1 1 1 1 1
778495 5
935284 859317 848003 533104 449034
741647 2
770481 359673
156272 2
177229 994904
164675 5
799901 767694 400335 3790 112
146064 5
14880 541121 610533 711259 977319
416282 2
428059 266707
128880 4
365950 756476 63964 670794
10 5
5 5 5 5 10
3 4
2 2 2 3
1000000 5
1000000 1000000 1000000 1000000 1000000
1000000 5
224694 179893 733554 814198 798474
904295 4
237344 33526 627199 955686
695804 5
505667 362421 204758 507153 557764
195344 2
627574 730959
586831 5
76829 72736 922153 884179 809023
195480 5
418732 788493 683843 806720 871432
1 5
1000000 1000000 1000000 1000000 1000000
533423 2
777322 857566
800360 2
298623 909734
137119 5
230873 233248 14861 350661 295663
677103 4
838020 19504 958829 606456
256009 2
94010 739071
3 4
2 2 2 4
291098 4
890469 343191 705821 833566
1000000 5
785994 464018 942985 806129 687339
206553 1
718342
232493 5
511974 614656 280573 387554 796673
1000000 1
999999
1 5
827 571 240 404 538
181670 3
422142 814985 496789
549735 5
971480 503063 899653 10390 361118
943644 5
60042 767500 223483 876941 843290
163448 3
472764 983369 316746
409968 5
291571 370364 338167 377987 342474
741800 5
379369 35883 229283 252652 18181
566588 4
288757 620573 672259 278549
674017 1
873366
1000000 5
479313 358796 704808 369833 956932
691781 4
110542 853004 669100 175859
772111 5
340621 340934 603908 929979 986282
982299 5
247278 445805 809879 991621 993050
