1000
4651
9511
3257
89
9551
8431
8783
241
4463
853
277
7207
2777
773
2011
3203
9689
1987
947
3253
6397
2711
4931
181
9929
593
2833
1733
179
4703
4049
2281
4259
5153
131
1279
3671
9067
9349
9001
7451
9857
3391
643
8123
3203
1511
7817
2917
2741
8999
101
3307
3929
337
3253
2137
857
5507
131
5981
263
2539
769
2843
359
37
7229
6733
9437
3457
1601
6337
7561
2503
4561
8689
1787
199
1777
2341
6379
1987
6229
853
157
7393
3329
1097
3049
3571
7603
953
3907
5861
4177
1831
5987
9433
9281
2693
467
1019
9859
5443
1289
1777
4159
907
9883
6553
1019
6317
6271
4861
4729
6599
2423
5897
8263
3313
7477
3089
4649
1619
9833
6763
1279
3041
3407
8171
3547
4133
6709
887
281
5653
2969
1997
6991
457
9277
5623
7079
2777
947
2099
103
3727
8761
5557
7789
3407
6529
251
2777
3547
4349
4507
7309
8623
2797
8821
421
191
83
811
3229
3187
613
701
1283
7283
6701
8971
569
5227
8839
733
9839
4703
3833
4751
8951
853
2447
1877
4787
7541
6983
53
6131
7681
8963
4001
5147
9161
5189
9209
103
6163
7351
1481
3583
1531
8101
1777
7333
6949
379
4289
9689
4457
6983
8677
2917
127
8269
5569
7793
2557
5693
1429
653
2003
5897
3361
8923
9173
269
9161
2617
4957
8287
4001
4177
3559
6343
1811
8501
6997
3881
8171
9479
1279
3931
2503
9161
2381
8839
6959
5503
1907
6047
3691
4357
2251
4933
3361
9203
5417
229
1901
8363
5783
3671
2693
107
593
2293
5749
5059
6827
4007
4597
5737
8821
4933
4943
9013
3823
9923
4567
3527
5981
6163
8713
8999
1459
2
5261
4547
7489
7823
3023
3391
1741
3539
1039
223
6421
7307
5479
3457
9323
8081
7057
5209
3121
2273
4259
4793
2221
6779
6203
8951
3137
2239
5003
2341
2239
787
4679
7517
6101
5573
8821
5573
2
197
5987
6421
4793
9491
7793
1499
4673
4967
7307
5659
5009
9601
8501
7933
6353
4723
4019
7433
7643
9929
281
7669
8221
5197
5227
1721
1213
4093
7937
8807
1789
1433
5297
4337
8609
727
6373
3361
6079
1231
9883
9137
919
5443
7039
7757
709
9103
5233
8803
6079
2953
6469
4357
6029
9743
6689
4877
1277
2011
3727
3457
3823
6947
5657
193
8111
2339
3701
1607
1327
1051
911
2551
6971
5527
8179
8123
4657
967
4051
1181
4283
8563
3251
827
5381
7823
6113
7151
311
7789
997
1697
4813
7121
2029
3061
7247
3533
2423
9227
5003
3691
9619
13
7151
7757
5261
2089
9241
103
1063
1033
5813
4721
9859
1531
2711
3209
9341
719
1291
7873
2693
6653
2339
5273
7589
193
9661
491
6653
1999
1801
3461
2039
9661
1493
7963
9511
8423
5297
709
9949
1483
3011
6869
839
6343
593
367
7529
2099
5573
8081
6529
8681
3463
4219
6089
647
2297
2909
2903
1889
7027
2729
9311
6229
1033
8837
4703
3929
6977
1997
5927
541
9601
7237
4357
307
4987
2113
227
1031
571
6949
89
1637
9199
6287
2579
9293
7069
3307
1297
1607
6691
751
5557
5333
7019
8269
79
4153
599
3331
2287
7583
8537
7331
5231
1019
7219
2851
2309
5237
383
157
4637
6871
3767
5003
6199
8837
9151
5147
8147
3049
3499
3793
6257
953
2243
6397
2753
617
7673
5641
5657
3391
641
1297
4813
5351
4621
7841
1039
2521
5237
6131
97
9887
1499
3571
5801
8297
6637
4019
1583
631
8681
8521
9479
8699
2267
2347
9689
7703
5779
5399
1429
3919
4337
6791
73
6871
2011
8779
89
7927
2239
7481
4943
1523
8999
8747
251
5651
2861
9743
3793
9421
5309
3347
5189
5381
3499
4919
3229
61
8273
5107
1451
349
9941
1597
7529
1993
8069
4813
7649
647
2467
359
2411
9293
9397
419
4967
67
241
9631
6607
2957
563
2087
9151
4327
4783
131
4481
659
2657
3631
1151
2617
5779
6257
2357
1301
1453
7829
2207
1699
5527
5153
1117
2239
3049
3733
2371
3511
877
9769
4261
1607
9629
3511
6529
4421
3733
9013
5449
4177
2731
7103
7523
6343
3529
7669
8273
2707
5531
8263
4933
9133
967
3691
1483
4409
8243
1619
8737
9613
9109
3119
8893
8737
4441
2693
3259
6079
1861
9539
773
2377
3823
5783
6563
5209
3581
2161
8713
7013
743
1103
6173
1933
5279
8287
6961
1039
313
2927
8219
9677
3863
7079
5477
9187
353
9551
2543
89
6173
3637
199
7949
7351
6959
3323
1289
9871
9923
8929
659
8663
2389
433
1361
8527
7699
2693
9067
1013
1171
5801
2579
5861
1609
1867
3659
8887
2161
3853
5099
3607
4231
3221
1301
9209
4339
2903
6133
1619
9721
7193
569
9923
7937
2131
8443
2903
2647
7523
1657
4201
887
4703
641
2801
4289
4639
1867
7129
6367
4703
1129
8669
5791
2741
4943
8123
3499
1453
227
719
9283
8389
673
4339
8297
9497
8053
1187
4153
7417
3067
5479
2339
1423
6143
7331
3719
5741
4567
8101
947
3389
6733
7207
6803
1987
5407
8237
1223
3001
9391
659
9293
241
2633
7583
2
8537
6353
4153
5881
151
7589
9013
9349
3863
3539
3167
283
8951
1489
1381
2423
5879
6229
7039
5651
9661
5381
7451
311
4759
5531
9839
2447
6007
7487
2447
4561
1319
4441
8521
9283
2273
4603
8663
3919
9001
9679
4441
7927
8837
3533
8221
4799
7681
2579
8461
7351
8707
3083
7919
983
9467
7757
3797
2719
2543
4073
8069
4273
6389
3697
3623
6473
9187
97
883
8179
9887
2957
3323
8747
7193
9433
1051
4957
2087
7039
173
8581
641
5381
11
7549
3299
1231
691
3613
3011
6211
5801
151
499
7351
6793
7
7573
5261
8219
4591
9041
9431
883
6247
8867
2207
9227
1153
7019
6599
113
8101
2237
7321
2879
6089
6173
3917
7621
17
659
3559
7417
8951
1277
1619
8971
6449
7523
4271
