10000
52999
51283
39461
97373
11777
31183
57073
33967
97213
29611
97843
33349
95803
59219
82469
26263
90187
39383
33529
86981
37861
13441
76819
29027
72817
51239
83137
37861
7
95873
70879
76163
47497
34313
97283
86297
70951
54563
43397
68171
10289
41413
25939
7027
25583
31721
58057
16979
239
98597
26417
38449
33181
6679
72949
9397
84011
79901
50329
5179
75883
23203
83983
25153
85751
3181
34283
56963
82781
83933
49223
15859
48779
80849
24889
79967
35963
9049
20183
36523
28387
73651
80989
66629
83299
77681
1987
67567
57917
53617
75323
35153
3967
82981
88897
92077
8389
24107
72461
94793
31223
45557
11593
86183
49993
62011
89917
92671
98377
32479
29803
48889
9421
34147
39623
15359
14419
42709
8117
76847
21599
7369
35759
27109
93637
25603
41687
23197
77261
38113
40213
32143
90313
78539
41281
40933
64271
32029
56519
62639
93263
92753
35897
4243
49697
81569
21139
68239
25933
31547
68891
51577
64081
28837
5669
81331
82279
72763
7529
59791
13759
50459
17299
26107
30469
62921
72271
19577
907
52711
87631
14071
68771
24631
19793
20879
29501
67261
94793
59999
23251
87323
36061
93307
17657
66877
74831
3449
40759
85619
88919
58199
59393
8017
10267
15313
74197
86501
37907
99667
39979
48761
13759
12049
1493
58913
58057
32069
28097
76379
17333
78979
63839
80809
72431
7237
48413
71089
32569
95957
80341
22501
77711
40849
55243
92107
83557
53197
1297
44839
52901
65053
19079
94483
3061
42967
76949
62981
81043
28669
40429
21569
10429
28793
5623
7351
38557
79691
81551
76837
75731
62189
23011
77291
27733
83843
69473
34367
37967
95393
85607
16447
60509
27367
32783
89069
76001
12451
52363
80833
67213
18199
5641
81517
50971
33317
92237
15217
15269
97549
96931
14843
59729
41983
96973
13063
27143
66571
51061
94079
85577
59957
32411
46817
93739
70573
36523
93487
7673
14657
74489
78079
35771
82757
83357
12697
39419
99401
30493
58603
96907
49823
78079
80273
17419
75209
97973
71359
65537
72109
65587
51577
56087
22613
23447
73141
17489
88379
66889
27271
5197
42283
28927
65867
48623
35521
4337
94907
34949
59063
77101
54563
33469
55711
35977
54949
54623
56527
28057
22433
30347
18397
1831
92849
44543
48409
66221
66629
37357
56909
18539
67589
4373
74609
57283
78277
13001
63823
73361
74699
25171
74167
30839
86993
31333
72173
42467
11941
30403
76243
59629
89371
61
62903
3779
67601
14479
95701
58013
78893
52903
81749
47339
82721
80177
29333
61403
97787
99923
58439
96053
47129
34033
27299
34843
94433
23627
83617
7477
81817
83609
70379
71333
5021
56983
77239
98911
99679
72977
56963
78569
49783
39779
49499
33619
21739
84947
1109
41399
5807
83987
37783
55351
19763
94033
15749
36161
18413
22273
46273
3701
8513
40591
373
35977
3083
919
34883
2833
98519
98953
4523
48407
61409
56179
88547
8941
41893
10273
53381
50077
98411
16747
30133
39821
32647
49613
82031
55229
77249
51839
84299
9239
99611
85121
48239
22273
7433
9587
26431
6221
8761
32803
57077
97283
14633
69119
6823
60397
83221
86461
34949
3391
5701
70507
67759
40583
43991
73597
21001
23057
27197
7759
57251
48953
15149
9511
76507
24419
21011
26683
32831
54469
64373
15439
51869
83579
89501
61471
67733
96431
48593
6841
19979
79999
2447
93253
44071
47947
67057
93557
29
18947
22483
57349
72673
40903
94117
72907
94121
37171
3907
49627
17137
94007
93059
73727
739
82471
58967
92779
1583
32191
20759
22409
35543
24317
37951
6733
773
29333
2063
19751
52249
25643
82339
48847
95413
139
23719
9547
60029
51461
62539
82171
68737
55901
56453
70237
61981
39749
63149
64849
77647
89527
12421
36899
36469
77167
46199
37853
9479
49537
62047
88813
2819
68111
38219
43
92189
90473
9689
52579
65267
99667
35879
35281
78809
17669
29633
41771
61681
17807
31033
63179
29567
69739
24767
71419
47543
76423
33349
83641
49697
20393
72533
77369
13313
34673
77513
6947
26111
10711
62311
16223
31219
23021
55631
12569
44171
11177
81307
30557
31573
14561
18587
66169
8971
47149
61363
59509
47339
883
44087
22123
43609
40627
3499
60757
81349
4409
94397
10079
37699
80251
50867
74573
6397
10273
11161
76421
45329
96697
30703
82891
32719
76507
49789
44507
47389
35527
28817
1039
37123
1399
23873
7681
42839
51131
71707
25873
57529
66191
61339
1453
70237
15307
77237
79579
50033
92507
79693
1567
9281
12809
6491
44839
13001
82231
15259
64237
19717
47711
89821
61283
50069
36251
72103
18451
94079
67567
71171
51949
57593
33863
54499
29501
76231
55399
32563
50021
71293
14591
75793
84181
52051
85361
52501
69191
67853
72109
34757
93083
43711
25579
77849
19301
66853
73783
41117
84463
42331
15031
37361
24923
75833
17359
58963
75797
643
16889
27551
72547
34231
6871
80471
92941
95369
56519
85751
86959
52561
43691
80111
2179
74717
58271
22483
65309
55997
92203
50329
3691
29021
13687
52453
8243
33739
35869
87583
34949
56807
37897
31583
97961
70451
35401
10631
65867
98953
18719
53279
51539
67139
56929
78311
42689
39679
4513
32429
1667
99109
89269
26029
28277
5003
84319
61631
63541
21739
72797
23251
84067
34651
82633
3691
8731
19963
36779
78059
40577
59707
55073
17599
28751
15241
661
461
82207
25603
33331
85229
46747
45403
13187
2767
75787
1213
89767
40487
45569
62731
68771
30859
2789
52051
58601
33427
379
1487
14029
64013
62467
97021
86851
97841
33757
8429
98873
17971
36529
54577
5843
9719
5011
42323
13513
83383
44453
5273
25301
97103
94121
18521
50341
17207
99277
12589
54647
18329
14851
96643
87683
3617
13001
74623
2087
50291
7103
20357
96703
69193
80209
23039
82531
8117
70607
19051
95003
17597
48049
42467
36451
42457
89329
12791
87631
88663
27763
65717
8807
69011
62533
67
74623
2131
98597
1021
53813
6011
43781
73819
77899
47609
1697
84313
58573
73523
6053
77171
15227
56597
21661
78787
24043
12487
95989
34439
23057
46171
4871
56783
17761
93337
56951
16339
97001
78893
39461
74149
8101
89989
48679
9437
38167
51511
97583
21859
26777
24019
3083
68399
7043
26119
47911
33413
64451
44159
97117
12713
97441
2789
73679
36821
16561
32237
80611
14087
34549
21839
92893
45403
34231
64811
58049
1069
18973
79181
23633
72643
6451
28163
41999
14879
82139
15643
75209
70379
64063
72367
87481
85087
293
61357
45131
17189
18587
49307
56489
57373
76379
49757
27737
34313
38747
11617
36251
62071
94993
64793
58441
22229
17827
25447
40343
3433
44531
17881
99431
12149
14561
86869
19739
15137
48823
69779
35129
95813
42841
17077
53597
21401
95093
7723
83579
34253
21149
21493
21317
38167
11483
85363
65213
31907
12757
29989
59281
61031
74857
58763
521
94207
69317
20707
10301
42071
14887
71693
38299
61927
93949
17383
9029
89203
27191
15193
46337
75541
39827
72649
16127
77929
58271
6917
12487
99079
39241
99767
60103
16619
81943
84697
32653
51827
28283
46073
19391
69697
41651
62047
55457
58441
84463
91397
71237
13693
8117
19913
13063
50821
16693
32003
30211
79967
63929
68891
1559
7507
92269
86381
48179
74317
71333
87151
49943
3967
56477
74219
99497
23099
59981
54941
87539
45289
46751
82261
86413
57751
25307
2503
33119
45541
58151
68567
49117
24371
61151
51721
56633
53773
38933
29429
51853
34259
18059
26711
62723
1901
24859
62189
26111
91033
19813
36451
59351
95021
20509
46523
53113
72727
73571
92831
20593
33203
85061
98473
85831
46933
73363
65981
5557
15017
1187
83231
76231
41611
12241
40013
44651
40093
6689
76343
31859
50599
15269
98011
45959
61483
67499
24023
35533
42023
17881
84047
3187
25667
82457
10631
78157
79613
80603
7019
99571
4211
93491
99559
47797
27277
39581
17989
72763
71867
99809
28619
46441
36299
48907
99581
3109
40531
45569
62969
9209
91673
47681
13421
18269
53639
26267
1039
34381
30223
29129
56467
58613
45161
55997
10321
78139
20789
30871
74707
98453
52919
6899
44843
95989
81853
67399
19319
45853
37061
87587
58171
29429
58417
75989
51691
15319
26041
76829
76819
84349
9059
56921
43787
57329
15991
80863
36721
62683
35083
35227
84523
94789
67531
52889
10607
50053
22501
32467
1949
87887
21323
61493
18743
85361
61231
75391
23279
12781
75937
4013
883
88811
63073
45433
69697
5107
49891
30559
70379
91703
71249
78571
86467
39841
32779
19417
15629
83101
55967
40031
71293
82609
6131
95401
91939
93787
94559
16189
7727
70717
43397
9137
82913
31039
81043
53117
60649
32303
9851
54917
46649
84859
34651
33967
48049
72953
80953
67979
56597
37957
11489
29501
44027
40801
47501
36497
57349
42307
80039
68281
36997
47093
2939
21673
84137
85903
2347
45557
41227
13147
5413
94771
20627
42221
51481
97369
17729
33601
65521
1723
77471
2917
32369
45139
68087
86077
88211
27487
51647
92033
1279
14551
39503
4663
39301
25033
12421
65789
99809
57173
4657
5233
75391
49057
72767
28547
46573
14753
67271
36277
17359
68477
40801
53639
16417
12197
63131
26921
42683
39079
19891
44927
57367
87509
74891
21839
35221
91781
93383
35053
72353
18803
65257
48571
72679
61729
4391
43013
81097
73973
85751
2297
66137
27733
80687
7919
65729
67493
59747
32887
10139
6029
5167
71327
96323
82571
99023
32059
98257
11941
96149
70709
55819
61511
43013
52313
25457
49559
1597
29927
47417
88747
33469
37643
39079
37549
48481
29209
8887
11959
67231
20899
19559
74897
16447
37699
81293
15629
75403
79609
52249
71713
73943
11789
57037
19427
67867
8713
73883
70793
41341
45013
82891
2777
89477
45377
41893
38461
2609
77069
77141
71471
2237
20323
70229
19759
62617
52057
61001
61729
32933
16333
57259
30817
30649
17377
54287
22961
50377
51899
18041
17327
22147
4159
21323
13043
74719
91703
78467
79031
68879
56009
74201
72533
3361
68053
16447
67853
22409
3947
53629
83227
21757
14323
15907
79987
56857
98543
26309
11071
73607
48131
30911
929
54361
79813
14621
52859
71537
16433
55529
64109
443
53453
60383
4051
23677
81761
97859
50093
88001
51581
56827
32429
70207
613
35869
28751
99793
67247
65677
97001
18013
1993
98909
463
4513
34651
77023
1163
55171
33739
66337
56093
93923
28603
85661
39869
33637
83471
15679
22907
36131
77267
83227
9749
78509
42391
41411
1069
12919
10657
17491
56099
34513
37853
80363
63697
78509
57713
65843
57223
98473
33601
37663
11863
67391
24697
78487
5479
10597
99277
52567
49939
76541
59219
86573
78797
6343
51263
2777
42571
89119
43103
4001
24631
87613
86579
13633
89909
67867
83983
47699
89983
40903
11681
3911
32531
39293
84533
62791
76379
5051
18121
50053
5281
4051
37447
86729
32363
95539
10939
80963
84673
57559
7643
32377
68749
16223
72533
58771
89237
56911
31159
79229
22817
45959
6133
59743
11519
12911
24851
92203
19489
69697
65449
26539
99611
27427
36131
32051
23509
73453
15137
31183
32561
24749
92381
5563
67369
88721
90547
56813
69029
22651
59557
97861
73849
68597
57787
89599
6581
8807
3461
28087
81899
70913
82493
81517
2957
20431
36821
49937
99661
55889
7753
54539
7039
21391
86111
77509
11657
76717
57973
84737
3449
20347
4129
1699
13649
64081
12007
22003
41
16619
77521
3697
12007
60331
7753
37321
6917
47389
13241
26861
7607
22901
7829
37379
71147
97301
38629
7411
97787
21701
14437
21143
68597
19991
23747
86771
9497
38711
31531
9629
82763
11813
14549
99241
99971
24133
36653
27127
77047
53591
58477
8243
3659
69691
71483
229
90529
13099
7823
88411
60251
24097
32069
30661
47947
60259
40361
84179
23879
77611
97687
9311
12917
12601
29201
33827
62539
71317
66083
40637
48767
26687
74861
77489
20707
47237
77983
12583
87691
9241
23027
48647
58411
59441
85361
10289
44059
26903
17021
96931
28201
15091
6911
44293
52391
38567
84463
17789
33769
74279
86263
9059
4937
61381
90203
49429
33037
92083
65881
22003
3163
13913
99577
63463
863
84947
647
68639
34843
18133
65677
91939
58579
75617
59209
14423
37889
67429
34963
77569
42569
22619
10141
72817
9697
2683
24113
45751
15233
15077
72871
41201
31663
72431
8677
55621
81043
30403
26141
39383
75629
16673
32009
35573
16091
16561
53773
58057
89113
14551
59341
32533
40283
96911
8807
53173
701
35521
4157
37691
54469
1741
85259
12043
99191
16139
95153
80309
50291
43591
43133
49741
64679
3037
92107
85703
20899
69163
67421
11549
88463
50849
47351
29573
47969
82507
9127
72307
19949
35597
13063
1907
38557
20929
35983
37693
40289
31627
41609
97673
81131
11161
47599
69653
15289
62753
78941
39301
33359
70177
54331
22871
44809
26431
80177
18289
11423
92957
96001
56431
51473
30637
59447
96893
78979
1511
57331
21191
56501
23909
40787
38707
37957
14221
32423
57163
81457
13789
21617
38261
88609
81293
65993
34141
10331
70003
56633
45667
63079
76091
6661
38791
30469
69163
35993
12041
95401
18671
35999
52153
69263
4289
16433
10639
19993
52747
95239
4723
94397
17551
44987
82811
22037
35311
40423
57427
8867
2671
7577
99137
2551
15607
37987
56713
9587
2237
72727
6037
21997
32749
84181
15767
38923
3709
28793
63467
81689
46589
94169
76207
92357
39623
82763
15361
2939
24683
77527
12823
50849
88513
33049
78079
26321
239
36013
38693
2657
11909
47129
47881
70957
54667
67987
12899
83717
21407
2689
65717
96661
98711
65699
89107
60913
72211
26647
65687
1873
7481
4261
77171
17573
39199
55763
70663
39749
17191
12433
66713
31667
86783
17321
26701
42131
10267
42697
27211
56713
47041
17791
53611
45691
8821
43067
10459
84559
75347
2267
87853
6709
7207
88853
48337
72073
67867
21179
35839
90239
58907
6701
44651
46351
47963
77023
14437
85109
21751
44971
42499
97549
90997
2111
66239
2029
69653
80629
88093
68683
5449
99823
78317
13883
88681
50273
90647
80149
76667
27299
70589
59219
58727
17807
9629
31337
71
26227
18119
43633
229
65287
41413
11117
92401
11159
14011
62081
14821
24281
32377
21911
24109
34267
61487
35407
91193
52553
39079
91591
6577
12671
51341
91921
55631
87811
23971
55813
36821
68687
24371
59771
35257
71069
74903
28403
6869
93629
15661
45377
40387
74923
72383
93257
12163
35257
51521
25121
13687
97583
17737
43721
10723
97463
58579
70139
6197
88729
49741
45389
57503
79769
9349
18133
74453
8293
73483
5479
23071
13297
53233
68507
92809
49537
61967
6373
11069
16477
33623
26959
14537
78781
19
49613
7
58687
43591
6211
70949
263
77417
52313
2447
10259
75377
78541
20353
72613
86743
70241
90439
63421
39799
83269
15907
26449
12163
29401
69499
72223
84521
8821
51599
5651
61561
74759
67043
9209
5051
61631
30403
5897
16943
34129
17707
16127
36269
64063
93871
24133
35593
5417
12919
3323
91459
31517
31307
25367
89567
25111
2381
97879
36497
78707
4057
22937
54001
96857
57089
61381
58631
94033
70141
2657
50929
12391
19991
93941
80687
35869
40499
39799
66301
57041
67619
81283
14221
3719
9371
5717
52691
12647
4139
95947
95783
29641
41113
50053
26891
3547
35863
11437
18041
30109
15083
73727
45691
60617
91411
49939
21521
32563
15461
93491
15187
87991
74923
32089
13099
88019
39929
69997
3307
68993
89599
19333
3391
31397
74297
54167
36607
33941
69439
82183
69427
9283
79757
39139
73523
71293
95957
19087
27919
33107
13553
46643
22303
12473
84809
38453
3089
48119
32491
27397
41141
23029
50549
69163
58913
48733
25309
20717
9199
479
26017
82139
10111
8677
44699
7879
4679
63709
29123
34457
2333
46091
7877
47843
85717
14969
93053
90803
90917
48281
40823
32693
76649
16937
6007
59219
93809
33377
6269
4397
56747
56843
9043
94151
68879
56909
3467
99689
44777
56591
34159
48593
27457
67577
2273
14951
87407
15607
7451
1097
68207
74047
34543
68633
14983
65699
51853
9833
23663
84199
36779
86249
41893
48823
2543
13781
30431
6653
34519
81119
66041
74383
53279
3
65719
56921
14969
76757
449
46237
78809
92779
44029
15671
61553
63241
6883
37693
197
32797
23399
37217
42043
70501
12211
46091
8933
68767
78593
46441
73637
68399
44563
28603
92051
34591
11443
8419
13963
33161
80933
97547
26681
48619
34673
13627
14891
44087
55127
15313
4409
84211
79829
48571
78311
96323
19991
10627
65267
2617
83891
62617
72643
51899
97787
88397
93239
30269
18461
8513
68687
3121
6553
19853
76579
43661
36343
96293
13807
98491
33223
19727
4153
36551
96779
5749
33223
17231
17909
23063
42571
4783
91703
39217
82217
9403
28547
75629
65309
50971
87643
57713
79103
15901
82787
56101
63839
20939
75773
3823
41179
32839
25013
47317
75017
22171
55541
32183
65651
1093
83093
32653
26513
98669
77681
11243
28751
9239
91099
293
87013
1409
81737
66293
18119
65003
46447
87299
11087
24023
93253
55697
85037
40739
27751
60293
91397
89459
17683
80657
11069
4019
15451
40577
3037
98269
78467
33311
28277
69761
56377
38119
72091
39113
8317
95549
28559
81031
4327
42557
28493
18257
3643
15299
86939
55381
2477
78317
45259
21379
82633
83221
26921
1901
47251
53731
761
27191
12911
51803
21247
73421
96851
99191
15217
26029
13873
70321
9749
41231
15667
41113
87539
42331
60331
98297
3251
64513
131
73303
11119
83047
56911
41081
86371
8387
20089
8221
60659
35837
63127
87559
12263
60041
7283
52121
11863
23017
24379
23593
92857
66403
69847
2539
12149
54059
1321
16487
42611
1571
13931
57203
85903
98999
23297
72421
7583
47189
5189
71443
89591
70901
82601
23687
54851
93229
3257
70639
38593
51349
113
32083
20177
93629
35899
57467
71129
60679
1453
16433
63493
16127
78539
72977
15319
25373
46307
46831
78049
53777
42197
91387
48539
26339
37493
7717
20399
65183
3359
63541
19207
23203
20431
65557
17749
84211
25171
13259
45673
27551
32423
12601
47387
34469
9859
90523
64849
82799
37951
66617
60101
86627
81533
12277
35869
42437
43517
60659
11243
48677
48409
32983
487
73823
3511
40153
58309
52433
57131
8311
86027
96259
44587
56681
31189
57751
47701
20747
41609
11867
12329
6337
20771
98377
41903
61043
63617
92317
24029
78877
64033
77863
35363
65141
52291
63317
9157
35111
18397
69877
46273
6833
89809
16561
90001
43669
79259
38261
69379
44357
76771
85909
76507
1933
5347
20507
64399
71527
13841
13649
74159
3967
15073
12479
71287
71789
79967
5153
31039
21701
77509
83257
30713
67427
22739
43391
14249
25439
8443
8431
75269
88817
16453
52361
92143
45319
78017
80021
40879
15361
98411
17417
20807
13687
32537
16349
9859
35963
23131
43783
62207
4441
50549
17981
97859
78779
65927
33377
27737
769
67429
6563
90227
9011
85091
82241
57397
86939
86179
3637
4801
84467
44201
49417
1657
4273
70373
12373
42139
17891
83221
29009
45763
34807
74021
43717
37139
63667
4637
70223
65239
74413
1999
55817
7547
88661
61651
68053
99251
48487
97463
24019
33911
41903
79039
59119
48259
72973
99401
16061
96179
4129
71821
42209
63577
46639
12241
5417
13613
18217
1013
83231
16631
22943
62603
48259
34061
26347
18913
33413
2609
38053
62171
60449
6977
64969
22133
57859
61651
43291
1427
58031
49499
74323
25237
16007
22937
40499
44909
62219
86587
69833
46301
25793
98801
12401
79669
32971
64613
21859
71861
92413
64717
57803
53239
74719
46877
2803
56477
12157
70853
58897
74297
22409
56983
3733
64591
6389
69001
12889
71551
79283
87049
20173
8087
85751
57731
10837
41849
46499
35381
37589
39343
24709
1559
18049
23311
49531
43867
85531
65537
17293
67967
63533
43003
49081
92921
11257
58043
85571
48413
31267
65101
36217
55691
53
45127
37781
10973
93893
10631
72673
54409
76507
2213
56989
5
26701
31223
43891
35153
21401
65629
7247
10321
33071
59063
4831
47581
19949
12323
21187
78593
81551
61933
35419
3469
31649
1669
15583
48131
13103
12553
6991
94169
15679
90533
13331
68897
44507
84503
7933
70969
50753
37993
85159
90281
22133
12007
60953
45697
26497
87793
25951
31379
73361
90007
36473
28879
12329
79309
4373
49843
96259
12527
67219
33589
24953
85037
6571
74861
69859
37181
46619
44453
81283
55171
57839
6521
94709
43051
78041
43543
54269
27653
80911
51427
40241
40867
86423
79451
43649
93187
30707
62969
27361
2903
21467
56701
9689
30109
32999
4561
96353
6577
51197
77747
64567
33577
7727
59281
82799
9209
27749
38047
39511
11161
15217
6833
78697
4283
89501
46027
18199
42787
33353
72383
47459
59123
30803
83833
95801
92639
90907
92381
1249
65353
93913
90353
3797
22709
73259
8971
34429
5009
73043
2221
39043
93169
9811
19763
99923
21089
94219
39623
68881
28111
14831
40351
93719
72211
25583
9551
65053
17551
23327
67261
88001
39509
57793
13177
67181
32609
24107
5923
39667
2083
29411
5897
96749
64997
49667
15439
91711
44159
59051
84137
937
1231
25819
95471
74489
78989
26227
40577
1019
53813
32159
9817
199
15413
25169
91253
74903
76771
18311
17041
80279
51721
46727
397
40883
2273
16183
33149
47857
2311
40531
49549
3929
95219
68219
2677
74323
419
44641
76243
77839
4271
9803
78427
21221
37633
93337
1091
16829
12781
40361
20353
92219
93937
21143
33581
97813
63313
95801
68711
67121
36697
20663
96787
32411
13669
617
9871
14447
68821
9857
97103
75367
21599
99349
1367
87541
92737
22189
26731
27191
67481
74201
20269
85037
569
58111
82759
64403
54323
52057
55411
97973
853
52379
52813
15077
53623
89809
54469
24439
2111
51719
23671
46747
74209
47947
35053
90697
75389
90469
19037
66683
64919
42577
52177
89603
5657
36037
77551
85931
13963
34211
5081
36629
93251
60103
55621
70297
50377
34469
19181
77081
12281
46523
25541
90887
919
89137
81553
409
1951
23677
67499
68113
95191
22013
81307
21523
86239
59183
9547
22621
197
15971
63913
12983
2927
43649
87671
55009
84421
29297
55813
569
81701
7649
11549
4787
18341
16001
25523
21377
43037
99349
14293
38723
43019
179
88609
52639
59611
1033
2719
60103
17707
92077
601
43609
36263
89017
23633
43943
19501
85159
67901
24251
96157
83537
53231
15173
22453
84521
62297
70783
5077
81047
33487
73553
3331
23063
49993
64997
46817
54347
49193
92723
69767
50333
36871
30137
62591
65479
79943
7841
74287
71569
56963
70627
55667
13679
10321
83609
20897
67
78017
49807
81239
35111
47269
7177
86461
22307
75193
56599
3767
48179
49711
75533
23563
12637
8887
92203
82301
11953
21277
57037
87739
83689
51551
66889
20129
89083
74201
44507
89273
75983
19759
94307
13799
95413
2887
22697
18367
2137
5861
23609
51607
58027
3361
80747
74873
13313
96587
81013
49667
18311
61667
38183
5021
37549
8849
26891
27611
86629
353
39499
62921
42019
34231
3067
37811
61223
49223
60527
64879
57557
9931
40693
39983
14503
44819
38723
52561
41761
21521
6793
88129
8969
70573
95717
49537
82811
44953
4391
69857
68711
45887
56509
13789
86467
61331
78653
71353
34913
62971
37363
99581
76667
84307
39607
14797
30389
84589
71713
829
29017
3343
89821
40771
75731
6337
15913
59009
53927
21859
52733
46639
72883
33713
87931
83009
20117
66853
54907
59359
31397
17713
82349
31847
24847
23593
50207
83101
31223
45853
84787
88853
50971
98443
30389
28393
5119
73061
13001
84859
439
93377
32561
97501
49921
21737
2677
75041
13457
59051
58199
71363
3557
41611
6971
29983
93937
59879
15137
47743
9781
22573
37159
87671
21193
96671
38903
50231
70039
55633
36067
70937
72341
97927
92107
24181
41543
96353
23173
82067
78989
87317
54011
84559
29881
63793
37591
46411
47951
56713
709
84467
5857
38567
95917
51229
35461
35153
6199
9043
16253
67493
4787
12967
89101
99377
40361
31391
14723
68597
36833
98627
79561
97861
83177
12011
85237
22441
62039
56569
5743
63473
64663
12799
26633
60689
67939
67211
1759
337
79841
40543
68219
7549
57139
80911
7019
22613
35729
23603
15773
78487
44101
181
76387
28627
33331
85369
78607
20357
42611
7603
9343
10939
43997
38693
75583
36187
9521
1321
36857
12511
42709
29399
21859
4993
12721
53359
29387
75133
4091
48947
54133
50159
72341
32009
84869
9161
18913
87313
32027
89797
16787
44111
3001
65213
89501
2549
5827
20773
4283
67867
36097
72161
21839
86131
79697
59981
40193
32573
36469
46271
8123
97501
2333
83891
51859
8893
96779
99469
18149
51287
89273
38039
1559
13229
7451
11731
16871
35677
35149
22669
27947
389
419
77239
86993
2659
38371
28283
59029
2833
2423
70549
20173
5309
78049
77239
36781
98731
151
59141
50021
89653
2797
75793
24877
32051
11351
45247
96799
49831
96749
47147
73751
16267
25997
60917
20113
93133
14633
5591
16417
39563
1409
39821
47147
80627
40751
10271
1741
41113
73303
76103
53773
821
75683
84407
55823
91253
53089
52859
64303
50047
24919
39209
70951
78479
25013
15361
71777
65707
44449
12569
9137
46861
56003
82729
51047
2411
97117
77213
67741
94111
53849
23663
95651
31079
31147
51749
23117
90617
29297
93377
63839
58679
55619
36107
38317
86413
78649
34057
75767
24821
50093
88771
421
10067
95203
75017
34457
92431
52783
6389
7127
10459
54559
3917
67421
92221
57601
96497
4229
93371
9859
70451
52517
69029
30689
16411
79153
32839
54493
55441
85847
8761
67453
86837
42223
86311
85571
82811
1429
39157
11867
9181
52937
70379
14321
44281
86143
29
41203
92683
93491
77527
86719
69371
70321
18797
10463
50023
79139
68639
30133
65203
2833
22079
75583
46691
10427
61463
53087
33521
25367
68777
45587
5227
62869
63853
51839
49531
63997
18439
65449
81071
769
52627
74161
71807
43
88771
45697
1693
80849
3517
68071
85531
49169
67481
55639
86533
52901
12277
21491
84061
6143
72073
92009
71809
59671
44203
45191
47951
67399
13841
52627
92503
94327
28463
64451
13577
39841
34457
16067
22441
39667
89273
10111
14669
80309
69383
3907
34337
6571
26881
41681
35069
23087
34231
30983
88883
5717
82141
59863
75773
19031
15671
92111
35227
70843
80051
52489
13597
16657
73079
39107
83921
86111
52457
2053
66601
45757
6571
25453
78179
35747
72431
15641
63607
10009
73421
75991
38651
56081
37171
38189
2339
80209
30931
38921
51521
13313
16937
69317
32707
95233
11717
39841
81331
91571
43019
71663
60331
52291
2029
62303
13879
75869
82721
3659
9721
56611
81707
51487
37013
42349
96581
63439
24137
27851
26921
81359
44483
47599
74383
4637
65921
90281
46567
48023
3559
96703
21839
89567
72229
46877
52249
10501
24571
58451
15373
59447
18043
20183
14407
82633
90947
32467
69959
37589
65323
1913
20899
34039
73823
19267
63409
40847
31873
13241
95713
36997
31333
39659
49549
27737
93287
6473
41177
40343
67853
84011
4861
10861
27091
42337
16349
40709
80803
91291
84589
69911
13681
28409
28109
92189
51539
98017
33503
89839
11681
51869
49823
69151
17099
4547
1979
32411
12157
67187
78571
5381
74857
6637
17669
5783
51599
59467
48823
56039
51287
56827
27701
92671
91573
60337
84787
43541
58427
41539
34039
97859
271
90469
67057
39103
16067
93971
77269
30829
61297
79609
60719
37361
89371
4793
68399
64189
66797
41257
22571
42073
3511
77659
35279
15761
39209
21611
63589
22721
91631
22441
42457
11779
35323
33767
54323
55469
28403
32909
12109
14983
14779
77017
79601
26203
84239
71671
96703
51563
15629
19777
433
42071
21031
58579
62039
65003
6577
49711
12821
641
77509
82393
12799
15287
18133
94789
98981
73483
50287
11251
12611
92951
92413
15383
20047
193
92051
38653
52009
29569
86357
76091
77431
9463
58427
63277
947
67933
15887
14411
69317
16993
881
7019
57559
41233
22717
56633
17207
78439
95317
54799
71537
8123
74761
15823
8539
66949
58441
87257
21149
45569
87107
22111
58207
46229
91159
59981
16963
29101
1511
10979
49891
22111
41281
11261
91961
69061
71777
31193
71249
67261
92503
66529
1367
67427
87323
10487
58109
69439
967
84761
39047
9001
29863
2857
58231
21937
88237
2357
78569
10601
14341
29917
57829
82799
44203
50147
52501
39971
87643
47623
31567
80221
16901
33757
71353
26681
70501
31159
1427
95813
39047
41453
5801
98227
68791
66841
41959
80651
94327
22369
95257
30293
56633
53437
15199
25793
28439
95701
94613
17491
43573
26713
21013
64919
89113
98143
97883
59621
51599
18637
55849
16253
64661
64189
14767
57179
54941
60679
38903
72577
89003
34513
6673
69029
13807
23671
569
45599
20011
14741
91283
92009
44797
13477
80387
34603
11959
1097
19553
67411
20507
80611
88811
10427
68501
25667
71413
47459
92593
34303
22109
3319
98323
53171
74219
12413
82457
99119
85201
25579
13963
76541
39971
86297
94621
22109
44029
28001
23917
92003
1061
48353
72643
10427
85661
64937
61543
80777
36571
54443
17189
86927
82811
15667
40829
80849
52889
46723
79999
38921
77747
17203
39181
19913
26099
34261
68539
99377
67421
98717
91369
92951
70117
87643
24889
56093
52999
92567
60383
15263
70381
82559
4663
53759
2011
70583
35747
56197
19687
39227
20333
1801
84089
64067
44383
33223
23059
15773
32687
15289
35897
24847
30139
30103
14153
59447
12041
95027
75577
76579
11149
69767
59443
38611
25409
86389
12281
89671
66083
57041
51907
92077
60041
59393
79693
29201
99689
6067
71741
32401
23063
31721
85381
80963
66877
2659
64217
82981
17789
40903
83299
53773
13597
66571
99487
65027
53411
32717
78173
21859
96487
31543
36161
80177
97787
17929
32831
16033
47869
28627
52253
11
65327
38557
81017
56039
65413
46061
62617
88463
12979
46703
42667
51217
16087
65063
40351
74189
22381
20533
20029
41017
79621
84053
22853
547
4919
83597
17041
78179
14347
97729
78229
84211
58897
82981
41117
26309
30323
7877
37379
69709
80803
7127
22943
1129
98947
91939
5
43051
13567
41641
90901
16381
26953
36151
17389
33749
21419
37463
14489
38791
57791
16103
46337
19501
2677
13399
72707
56747
44959
34127
28183
27283
43777
78697
51439
65617
70769
51461
12227
8893
109
24859
27529
49391
65963
48673
89671
12473
12269
26203
78007
74201
68863
26017
99347
73121
65449
72047
53773
13687
9601
8353
67169
79943
90533
42569
69263
84871
19489
6427
97501
19793
33487
25303
97829
23993
1901
87517
39499
15031
36497
19661
94099
29537
72547
93377
26717
39139
89269
86467
79873
20641
98459
70841
23857
9043
16069
17657
97673
38723
26021
95189
86461
87911
42677
84307
13619
45853
95507
56857
65123
54773
81689
82651
90697
54773
3
18481
19301
89273
27701
2903
32341
26249
99137
84211
37889
15373
4789
58199
58031
32693
53731
45197
21839
21649
52963
38501
72617
48799
20549
38861
7883
25439
23117
1091
6763
44953
41957
28031
34897
75181
54709
96337
5273
53917
80687
68239
73847
87973
28433
55793
43607
8539
25873
70573
32569
84659
33073
29167
34381
81239
97177
67853
9403
42359
93491
17707
94331
35983
72613
29819
13859
28979
48673
42307
9203
30697
34747
86719
19991
92051
65921
92033
2459
98143
62639
58771
82729
20693
94531
40597
5171
91841
11863
15887
57173
6659
59069
51829
45061
33199
8191
86413
67369
59693
52027
80173
97103
93529
90647
38917
85619
56843
31567
9649
78307
19231
72091
61469
66089
90359
26729
73823
3779
41627
13829
63067
73973
77417
17713
42793
13187
28069
30427
5897
94309
88853
9013
11071
3919
21277
76537
91841
4831
31847
3361
85667
55109
577
70853
23399
11149
2393
21277
16103
68351
38083
5227
43133
39161
24623
92951
79393
80473
45989
88177
98597
57881
19141
9857
63863
43787
10099
79349
73951
44843
5657
59779
4999
6577
32321
52529
40949
58369
79103
61223
28619
40787
92623
643
86297
39623
13421
65867
21851
86869
77641
20627
45427
1289
55439
33749
69029
92707
15377
43793
38083
22739
8069
45191
53777
65719
22817
1033
26237
5381
86677
82729
71359
79337
84137
57901
20887
1229
25933
69383
89213
6947
14561
57727
29333
98041
98519
3191
90803
35221
71761
29633
86201
83093
2753
63419
72577
26893
65371
22901
56687
75611
8377
29717
55457
95971
13331
3361
16883
65309
74611
28307
98963
93967
92459
28447
92111
10613
55541
82759
72077
28901
14621
58511
35267
39979
24121
11071
72251
14621
59197
52861
95003
71011
8933
73771
90703
24203
79151
29683
95617
54319
62827
94613
71549
78803
45497
87299
93463
25889
70373
89381
59263
9521
48463
19843
52697
983
55901
48869
16111
18043
26561
32933
94349
38149
9887
5981
91081
12329
37853
86753
94169
5413
3257
65843
7393
73571
53611
2531
3727
47837
12721
88801
84067
65089
10211
37607
90407
93319
12601
28697
12473
42281
90271
28307
7411
2531
36467
887
37057
2447
8677
31849
8641
33863
22279
17497
10651
3209
42751
36833
52733
59221
48619
37649
48479
85703
3319
62047
79201
38501
97367
14897
87313
8009
46727
97973
11423
9629
18043
75013
13009
28901
9931
45439
67987
57269
91151
4127
62311
56993
65677
39323
40739
17053
4603
14897
5431
8741
81619
87317
73243
1571
24517
60727
10243
76771
82171
45533
10037
3631
22571
47221
56611
57593
99877
26641
39313
10663
54799
6199
71479
22741
70999
14969
43189
77899
32603
74149
10099
16249
85103
87293
40193
11807
71633
53773
12203
77557
24197
24169
83243
50923
263
63499
33071
199
15263
78229
32027
74573
7753
7219
21317
81967
24061
93083
83663
84793
67391
16411
23773
76123
6007
69151
92237
2543
46853
5881
81703
76579
54559
88951
51241
55201
52783
10499
78919
96043
92801
13331
70891
2393
22381
97927
6719
73607
10709
93523
82039
81971
31957
8663
58439
62773
3083
74201
66947
51599
82813
72313
51893
60943
84871
27941
18973
61057
41399
2011
57349
57131
37547
29947
84481
64849
50131
94379
62119
64513
8269
45007
70271
42703
80071
52673
9463
85037
28549
2273
59999
34603
76129
36389
20731
61343
69677
42961
24671
35053
69337
88007
99251
10321
40903
4987
1523
16661
20023
88423
6823
30577
56629
80071
1663
37663
56369
32831
24077
91183
58763
90191
48733
58679
49547
74449
44221
43003
41387
98017
84437
34721
86143
4943
71329
50207
10909
97613
95107
33547
86077
3209
92951
43283
85193
14821
87623
65099
74449
34457
79817
34603
47629
29867
18587
2801
28201
67537
47543
75133
65651
33013
33641
75389
62627
8629
27299
599
6763
23003
34649
95857
27673
50423
62191
35839
93151
73453
25453
67759
11059
8221
26813
62171
63391
49307
90281
98101
19441
38431
96847
10253
449
30949
89659
63589
42193
18143
88411
74731
67567
46051
94397
19853
2341
56813
83401
15773
31847
11173
88663
68909
42767
38119
55021
10037
13381
45821
8539
58049
90931
26249
72073
11443
85361
61933
1571
28703
6133
91159
27361
107
37657
22367
20107
64109
84809
26489
84809
39769
63367
97151
11971
10007
35507
70969
21961
52543
19219
55249
35081
32369
87539
10459
47017
72949
76253
72673
25759
85297
63977
57493
85607
6211
6337
28493
96797
94219
82813
81677
56827
47041
78941
72797
83719
37997
67477
8273
16127
11617
90227
55259
70199
809
69463
41141
98317
69463
16363
46103
55171
85361
7963
64231
13649
15679
17627
11057
31729
3821
15641
95189
75821
17977
91781
59833
60209
82727
95143
81281
98773
6269
60083
68891
7529
53507
34061
6143
24943
54449
54773
6653
63337
89491
97511
3209
27329
15527
36587
87481
42373
56207
4133
42017
79193
98269
26737
63197
81019
44221
68111
2081
53093
30091
95923
63559
89917
30529
96079
37363
10973
74257
46589
78173
87421
44179
83267
37511
87539
43117
26107
30911
4519
32057
78781
6763
52579
29023
72883
57139
79181
64871
60601
33479
821
56783
21841
11087
13003
40009
51803
26203
16759
23431
27967
26597
72901
34429
69389
60631
83903
977
16811
10597
56087
19013
40543
33179
51977
37309
97157
32479
6469
81203
71363
28123
61643
99131
42197
79063
39209
19463
28687
83497
46601
61403
12377
21647
1669
6679
8263
7417
8167
27127
19717
90997
50033
64871
25031
26881
6473
44267
64231
14303
27017
36857
68749
95083
58477
14009
74201
22769
58789
26813
29387
9461
94543
67819
56053
97549
77521
91127
5507
9161
19381
49109
2333
97973
16759
50683
25121
47143
1291
14533
89083
51421
78427
57973
46751
38113
67
44701
89393
59021
77243
19949
72089
95443
12611
51991
93059
94573
43573
19483
4969
91183
97117
28477
9187
35461
85159
59357
89209
7907
78467
1031
85781
80629
83269
33487
20593
83459
5503
32369
43391
6221
79811
39461
2887
96799
17077
16411
91513
88741
61627
99103
79841
58901
49739
12149
769
58207
75641
10369
92957
77783
12049
78857
58741
99793
35911
5791
4639
43591
62989
50129
52363
43597
15383
56893
40787
57787
977
55249
47057
63487
77569
28297
24533
28807
66413
25981
93523
65761
61819
86587
67391
77977
65699
50131
773
6007
58369
5807
75223
23687
81769
51419
96181
20269
32839
59663
83423
34501
17909
31663
3229
431
88471
29231
51869
55163
83219
68749
44953
45827
55807
15307
47543
45523
70001
49019
77263
52237
80621
76163
81551
86201
29129
829
8669
67121
61379
14669
5939
84401
72931
10069
6173
61559
65071
60631
41017
48953
53327
92767
1109
12637
29989
49529
85439
4283
23563
86389
58573
27487
62873
63803
15331
17053
65537
48157
89371
50893
66977
16661
36241
41017
51341
67619
27239
19009
52267
97327
72707
9643
9941
98561
46301
42743
71167
55079
72211
19051
42179
32429
50341
29581
21139
93739
50461
92347
42197
63079
43543
12517
5693
6827
80449
59359
607
31123
83597
53507
28649
80141
90187
41549
1303
37039
10753
73523
99233
87071
16567
64187
42397
71537
18701
68449
65479
97813
84313
32117
84347
51329
47939
92849
60779
51907
52691
62053
89449
59669
39841
40847
40927
30859
9001
43019
97081
43283
40543
15173
31357
61331
84127
79769
56701
5647
71867
46237
23689
56597
84421
10313
11597
55817
4787
67
32353
83009
85751
44519
43633
26801
92189
91309
85853
22511
57427
82981
70999
23029
1861
26479
10061
7717
9067
70459
35839
5573
19141
64381
64763
26347
78553
80363
88237
6551
2657
43391
92683
90121
94889
36857
18119
87119
51151
6449
32363
33151
11981
7121
60733
14699
35963
74567
46273
71011
68737
88729
79279
12547
76561
67619
42013
55661
71741
53411
88589
76001
2591
81119
66377
99233
19961
9631
6911
99829
39089
41669
32999
54541
74609
331
97259
34367
99041
43661
29473
67757
55579
32321
84629
33403
4507
27917
14699
1289
7817
5351
78347
11287
89293
68483
31469
31601
81769
63473
31397
22543
9103
69829
82549
7753
94063
2213
44789
93097
47309
80233
61007
27611
14767
46447
65981
42373
2293
6173
44621
10939
12647
24733
46219
23873
99469
83663
59957
3163
70921
98297
27059
4801
91583
32939
13763
85667
36373
86113
78887
10061
66541
63629
40499
6679
13367
30871
74821
37987
39241
21569
52253
55631
73361
23549
85223
96431
30323
68899
809
5381
90709
50647
11177
82231
90059
27253
91841
27299
36277
94433
62903
27211
58193
7583
36161
99709
63647
13723
37649
7211
60859
15647
89371
35537
65393
98377
32411
1327
67247
56239
7243
81551
10709
41771
64153
3023
98299
79589
54121
34603
97789
19681
66977
56171
51563
27581
79187
18013
67481
40487
49369
30161
83563
39239
71161
49597
37643
27689
51907
29297
90067
85523
34211
3037
28493
23059
6733
48973
5927
87181
90121
4261
8831
80701
86113
87179
10837
65479
7351
82207
30319
59441
14561
15791
23719
10163
69997
89983
40751
45763
41981
53831
32363
82237
58441
89417
8171
91837
38917
15443
79031
52051
42797
11071
33889
30097
20369
70999
20249
29881
53773
54709
14879
96263
75169
41897
27647
68791
54959
97429
17257
2657
51427
76753
86693
34381
89849
98419
26951
51721
35159
29429
8161
84391
66463
67651
37547
92419
39769
62327
44867
18919
41299
63853
15733
40241
30323
46957
12323
91753
44507
54499
95957
21191
32587
4219
59999
23369
3041
93287
2711
62483
45341
11827
47591
36013
4889
11399
29101
46769
77713
2131
70501
21067
91129
10799
66067
22303
61253
4091
36373
30403
60607
55127
55829
41
61441
18661
45341
89897
33997
72673
52733
6451
88819
25247
67789
96059
39551
21493
65951
19463
24671
60103
66877
16921
74861
56767
65447
37337
62981
6163
96857
47713
63857
76039
70891
27361
18457
40169
18353
80051
15551
76003
9473
6343
25057
81001
23087
69899
5653
14083
13781
32377
78791
85159
53171
54193
65537
21061
17041
52391
51419
35569
5099
18077
14341
78479
72251
35729
20641
96001
39233
39323
95803
51853
71257
21487
33997
18593
15727
41903
35573
32261
2371
37957
19013
80287
99251
9721
24611
37657
65609
81649
79337
73189
3307
16927
52249
607
79997
78049
97373
21139
41117
12577
78191
15091
59351
35879
59123
79939
5167
1033
14489
8287
62477
58787
92177
61687
72173
17737
24181
38977
22511
27011
14923
49333
47657
95189
50497
29021
97001
71069
77543
38327
87959
56237
80683
70999
17483
40897
51487
24251
65539
93871
35059
29741
53003
49999
16657
49123
96043
44389
13997
19219
77141
53849
73379
48487
49307
25747
83417
69491
1811
84731
11161
10799
64567
14887
85793
87187
59621
60637
13229
49297
54787
75029
85109
32413
26759
4621
87811
45179
74293
4271
69151
75149
83591
66293
25373
33923
16829
32051
27743
41179
18329
41879
55351
88223
84211
64633
75403
67547
27259
12547
19433
8429
92107
6997
43481
41351
33721
54581
93323
11117
84421
86183
10151
68239
52901
38317
26633
74383
75983
58763
17923
18127
25583
1033
8293
11953
66571
7607
4933
18493
22003
26003
29173
36319
57727
1213
83891
16937
80051
541
52807
64781
87313
66533
56827
63577
8713
89653
61667
8521
71947
84761
28813
2339
7283
39761
36473
293
50111
43399
40759
577
98669
99223
37397
56501
733
44621
1061
81457
45707
54709
70019
56299
23417
28573
22193
56993
40933
89783
68863
15559
98389
2671
19013
26119
66749
83089
26729
41023
27919
96451
42071
26693
95651
85909
9293
15817
31643
10939
1409
83389
92959
95959
63317
17377
25037
10937
1753
94789
22511
71879
11261
21101
99961
55217
74317
90203
39233
24979
32057
96181
21893
79997
23321
18191
66109
57649
37057
2837
96017
62071
8353
89237
58211
98717
28807
9343
9833
31699
25309
34949
27689
39451
83969
49681
1013
58567
40507
63709
89681
78259
60041
34019
58573
89443
56443
48859
70607
18839
76487
66797
6857
8539
79601
91757
7499
11069
2999
19031
68777
29683
58169
20899
98519
65809
75653
18583
26479
18401
87679
38821
20233
48449
78791
84263
60919
58771
56543
55457
4283
34313
24223
12289
45667
27281
5651
55967
41351
30137
2273
34259
88397
85429
59443
86843
51749
58943
7649
5261
82499
17191
46301
25889
93809
48751
12301
55073
32183
96493
13831
38281
31249
64033
54101
4357
97843
62191
62497
61933
99053
89849
21169
87421
75329
86287
98009
28687
45893
26251
58379
51949
47143
8863
83621
41269
84163
18593
21521
17987
15671
60913
83987
73783
27011
38977
80491
47123
25931
66721
33457
47093
56779
58967
57649
33503
45949
55819
90971
17443
88069
49811
97871
58369
85361
3359
24593
69821
23327
50077
12379
65213
14389
383
40063
67589
62423
44041
38833
94561
13883
78137
41953
75029
38273
4673
32413
10589
86249
24113
52733
98143
1951
50741
79973
88819
55871
7607
82009
5843
84059
17333
73771
21143
18047
37649
13577
6389
88423
56149
21839
24379
35449
68749
23321
2053
99563
60217
13499
6481
90523
70481
25037
93901
45013
7963
4127
5743
17107
88651
33713
23917
7789
31489
49009
50087
74821
66629
82483
86927
24847
7187
34127
88873
1567
62131
92357
20327
24659
27631
28793
37649
22271
58243
54469
72481
93113
60611
2909
11383
72689
38183
60737
5009
75289
13177
80713
73867
84221
63541
84431
32183
97463
20173
43759
107
87797
36629
42187
35201
93001
76733
78893
16229
58727
56957
93871
52259
20287
98711
91019
17167
59359
52177
45691
36011
93077
27851
33739
557
16447
19889
55609
35447
43451
4451
35797
54559
65837
84223
96601
59029
84691
99371
2351
67139
56437
97843
43403
3637
15263
57467
22157
79397
34213
96671
38933
27953
46877
78607
51217
67759
21929
10559
27689
70507
16333
68597
48989
87221
76507
68737
69941
84961
68053
73727
52571
26437
95219
21277
54001
11317
84263
3433
13907
20129
1187
79973
75239
49019
82231
28081
40883
7057
41611
73973
2687
62131
66343
53149
72911
66569
23929
66553
51973
16741
41299
29269
69877
59357
54767
25759
74713
62563
30757
12601
88223
55079
97001
63629
8317
79451
16763
75227
89783
62639
49871
13291
48889
40343
70663
45673
10429
19001
15217
89627
38851
83969
20063
11909
67061
2251
40697
42611
66343
373
82279
78049
55889
1873
65519
91009
4133
87313
66431
15053
73553
40459
30937
46273
87253
5651
99133
19819
26407
35593
10949
94117
42773
56039
7159
13127
83009
50459
82963
72997
51329
89269
51713
31771
92461
41381
23623
98953
29611
95987
35227
27103
59209
71563
79151
47149
2179
1063
95401
51949
37493
27701
46477
7349
89923
56417
22283
96737
31513
28447
70001
9173
18869
45569
43711
12473
93811
96211
32467
45989
92401
73259
78823
52021
45673
81647
24107
72221
83639
41849
26107
44507
75013
78137
54631
88793
58129
82421
85439
96293
13109
79031
6311
34721
26183
75721
73757
20749
72091
9479
71707
88241
7057
74231
63601
78787
56393
13037
51599
63601
58567
83471
11731
57367
85447
70309
46663
44281
76441
55501
41039
13249
35573
72871
74731
90401
72337
49223
12541
45329
85517
8747
56779
95747
7109
22727
74699
90011
61441
50069
53959
22481
34607
69623
85607
21577
40879
55663
70997
19471
35461
35983
57973
76949
11941
34147
67493
8713
89959
5431
80473
75527
36739
38287
95071
69457
89519
93419
59509
51383
43933
37951
1697
5807
10883
8747
29297
78341
67631
24413
21341
7219
65393
84857
7741
3251
20593
1229
33923
11987
27527
16553
11353
93059
58921
27773
62639
71933
43649
46451
47237
94541
91127
50023
21139
3911
61949
54601
5507
53593
5813
28663
87223
97553
15377
16883
20743
61673
40361
59021
809
73303
80527
33601
90071
63149
66491
76283
58787
13339
24481
9931
29423
16741
63463
54767
43793
49451
33829
74831
27803
64763
7079
37831
62323
46349
82183
8753
11719
24071
94841
33937
21503
99149
73141
12967
62311
63421
12983
45329
3049
40699
58573
33931
85087
46237
14519
52267
1741
75211
28729
52861
41011
60763
97711
27943
10909
79997
39341
46649
27539
34583
87041
53117
33811
83873
93809
21157
47977
7963
71473
52711
74573
54013
93319
59879
5209
29569
36677
7583
8179
70877
86929
75167
33113
84589
6689
70249
88493
71593
40867
17327
9643
51071
98939
69493
35951
92723
15187
90511
21937
91571
66587
1399
68927
83449
62459
76697
15101
4099
7933
47303
389
98369
24179
56377
4349
55603
50417
95107
28813
98453
34217
64019
72577
55681
34877
11689
48781
53927
23911
99667
68863
96557
1153
38921
80209
88069
17903
18443
13613
50069
70549
14389
48527
19183
98867
78139
79811
49333
97003
11251
47819
31607
79337
22501
93809
16433
59407
65699
98849
9397
65393
91249
6733
91121
53117
9859
79241
99611
30869
97463
49711
25561
33179
3613
48491
32159
83833
29587
87719
80933
43943
58757
35963
46861
7537
52543
91369
93763
42307
90127
4561
32143
3229
12451
23977
58031
46309
26693
57679
4523
24407
11173
31957
85831
37253
7127
19471
44417
39163
9157
26879
9631
95089
91577
59663
3803
67421
74623
99823
12973
65029
4423
48533
93629
39719
907
52057
12227
28289
13229
18119
80473
26693
77261
66553
69197
87559
11059
16363
27791
43789
69991
62921
39251
85061
46817
67777
52967
23369
91237
70123
13469
16607
42443
8329
60427
44119
63541
233
997
3049
18553
82261
31219
677
72551
24671
89041
8039
67427
39451
54773
60961
26981
619
46811
79579
92683
4813
26357
83903
487
42967
3659
66361
77587
89797
13687
64927
90281
36527
69857
10433
42197
5233
32497
38737
54163
44263
49559
23689
90469
8609
10453
18541
30271
60647
21521
23671
91499
51899
30703
11971
1289
35993
82361
2207
48757
19069
68543
39569
83227
39419
76511
26839
69959
32713
70957
25939
83089
22621
77137
73721
56041
91583
16381
12161
75743
41213
38803
91081
127
98867
24749
20641
57251
9721
23879
9931
53453
17053
52783
37591
60679
53017
93323
32233
92357
64451
86357
75539
12301
63671
72973
95923
78853
94529
8893
78347
58537
73771
93131
58909
72617
18749
5903
31531
53173
54269
44389
10501
76031
22343
74567
37963
2791
68053
99581
96847
56437
85999
96097
96331
73309
69341
92461
75821
87511
3167
54751
46691
1433
71327
9619
75167
95441
38377
30517
48973
99733
2801
86423
75773
26479
61297
37517
30707
53327
37123
49999
13183
24359
46447
31039
2377
18251
24107
79847
7867
50957
58147
80779
76579
31151
94273
52291
49123
55589
9161
3511
55291
12959
11549
54829
42557
251
99497
1637
77167
36691
75967
13913
89633
24121
48487
12823
69127
991
97169
2381
52733
78823
84737
53051
33461
1607
9421
89101
58171
20359
13687
37853
58613
27529
99829
6047
50129
99317
28789
28793
58441
8117
46219
48673
57143
1049
65419
28109
2297
86183
54083
79801
88853
39679
33931
23291
65171
69379
13831
25523
14347
52223
92177
77509
6481
91969
6983
59219
10867
60727
13693
73291
95747
63803
23857
53233
89459
14341
7867
12553
3329
65053
15493
94057
29131
76541
39619
443
69697
80621
48463
88729
33937
41011
89891
42787
55897
18289
26953
70607
5399
66877
44647
2347
32353
97553
56983
44531
12301
91639
84299
38153
56873
3011
55061
11909
3229
19973
12653
74719
4013
88607
87071
62497
52579
293
29989
12113
18973
61637
86939
26099
30259
54881
51829
91303
75703
12479
58907
92413
5743
43973
53441
88867
71693
33037
3109
76819
57179
38303
52081
63389
49871
39863
27799
6991
40559
62539
42437
87523
48353
52673
36373
5651
11287
95027
18047
10847
28901
82009
4877
59221
27487
83987
71647
3623
18743
76603
82457
81083
38669
58067
45281
95383
23017
1433
23197
92221
88729
70937
79697
37549
25463
39569
68449
62303
34963
91823
77137
92789
73973
5501
52501
25373
92333
48023
52859
33113
26309
58787
16339
93809
19751
89627
9277
69401
11681
35051
61643
2767
9421
65119
64661
60037
8641
34439
46619
69457
49109
47419
85847
46861
78509
61703
77731
94513
13159
32069
28181
65537
16193
71257
59369
61667
60923
72227
32611
167
10589
601
3083
43613
66343
93113
28513
1109
28283
2843
95101
83231
51827
81019
31319
54001
66529
32719
48823
84067
93607
82799
50123
10949
77747
13063
76603
62539
9733
12043
62981
22229
34033
67829
94573
24889
84629
45523
48859
14783
49991
67139
20929
26701
71861
79817
86729
39443
35993
36353
24953
30241
42499
80749
67139
44053
16937
67433
10357
28979
4909
77243
78809
63671
68819
97157
94747
53923
42787
66763
96757
41
35159
39581
26813
10337
21247
36467
53117
85223
1361
83813
38569
44887
88471
9371
95957
7349
2543
27631
61403
8179
8017
63841
98939
2333
61151
93629
57641
8291
60527
77801
8419
1657
19559
60251
12821
67187
21751
93557
52903
23887
77549
98533
97879
89753
28621
13109
18517
54799
43963
85201
89759
78121
49727
88771
81971
14221
3907
63361
46441
66617
42131
81083
93077
66403
42331
27583
57287
92681
21871
13691
17519
23021
33377
36947
14143
90703
53783
35533
68909
22811
22171
58771
4649
461
48029
9187
36263
53881
76031
89269
44501
20353
70571
60617
11813
36887
94559
73079
30241
17207
11059
74761
66569
70667
14533
85243
84979
96211
22259
54401
19603
71353
16229
47933
95891
92381
60209
32579
69623
37517
22817
38153
85909
99397
3919
20063
58771
353
17321
95597
39323
30871
70619
9587
25673
9649
17191
12647
6719
65657
71143
28403
60727
11897
82129
56909
25841
66107
15091
911
7723
63809
39791
15731
63353
68507
38933
46307
69337
60383
42197
32801
16567
36793
68209
45821
49597
90599
85717
58967
79861
80537
12973
41609
15427
18049
23539
44683
89527
41893
69383
18797
9613
33301
37567
109
6011
4201
46633
967
90403
14737
34457
8669
55411
27031
80819
29633
18749
66853
95189
21937
71081
29629
68483
91411
51631
98081
36697
64451
62761
30269
8737
76001
68777
49297
23
643
78791
46691
1801
69403
65581
59809
3301
44963
93281
86143
80611
34123
76561
99607
60527
48397
29251
30803
62929
7559
51203
4507
98909
16883
59063
7841
16657
29633
83431
16741
30893
62549
91513
33721
55819
80671
18913
60793
27109
13183
70639
31153
50909
47917
30809
35879
21493
88661
95629
90067
17791
47161
15671
16843
92177
79613
26729
10067
32717
33359
51407
68863
20897
43223
26879
81953
25577
72673
66571
80471
90437
38317
13877
64633
12377
48163
5113
59093
59771
2063
72727
82721
73583
12703
3023
65809
96769
53549
1999
52021
12791
54623
23029
36541
3413
77417
41941
52721
50753
11927
34301
64483
76913
51829
53047
12889
24967
60413
7
10613
87491
72763
97523
84691
89989
20411
51133
7309
1627
77563
62201
15271
33529
10847
55721
61129
11827
22697
16871
89909
59929
55213
77849
38047
31667
32341
77723
84691
17959
77747
99497
7549
74357
96959
95539
87991
39241
70003
98689
41999
48259
84347
61363
88177
99377
41333
72893
32183
69061
94903
22993
52981
73459
4603
98101
29021
38833
99661
15569
84499
593
36353
95393
99259
56009
10729
87323
1429
84559
6653
67289
56249
94079
30427
67819
12721
587
41777
48299
93851
37019
109
47189
34381
24763
68209
68729
92353
91459
9209
76919
92681
48593
72383
92009
8747
7607
79349
31649
95549
9091
3701
75217
4517
58169
43973
18661
59333
92623
95287
76733
52553
14627
25603
93607
42569
18367
86029
35449
11213
99017
14891
5419
47657
11701
18329
82787
21089
21101
37691
38699
32609
43151
16361
39047
6173
64717
85601
92003
80819
2909
68819
34487
18671
18959
28753
65899
40637
16433
25933
55259
15607
67121
86579
91193
82781
7247
97861
26951
30553
35809
94561
91967
6203
32771
53899
34613
2693
62981
27367
6121
67607
20681
42859
11287
42899
77491
81181
10091
17491
30517
92569
58453
2677
79259
73243
87299
9629
71209
37039
65827
31091
32213
57917
39503
70309
15121
80207
98387
82721
31019
4877
51059
55849
50021
89611
23819
51229
94561
59083
73459
25633
52027
55849
29573
54919
30707
39791
67979
5857
4451
35227
61681
38557
107
5857
32869
36599
9001
31337
21089
42667
60703
491
23593
35149
90631
74611
93077
85237
35099
90217
33773
13103
46591
68687
72167
83233
32647
41269
11551
39023
4153
77339
83717
4391
86069
39841
42839
17203
76963
92507
64303
61441
93497
13103
2251
5333
92353
15601
12569
50221
7591
49843
67411
80341
42461
40709
63839
81173
8681
1879
21961
13999
80611
28687
41467
90371
74131
10753
9173
74771
4909
359
37409
19231
34841
63671
48341
49991
84137
64781
5227
14087
17393
75169
99257
64327
39619
86693
69313
51263
90001
97039
93001
94321
48187
34961
84697
46093
49033
16223
22817
56123
38317
88793
2543
1621
52807
52289
52783
60331
19681
60257
79039
62969
59167
78241
29123
4021
65213
3191
80627
78787
20249
73751
73127
73387
11831
81559
43223
64579
20981
71333
44729
87473
83563
48817
90353
59747
5867
43597
22691
27437
28631
5179
15493
94349
6737
48313
307
98689
76343
81233
77447
20333
78791
51257
17783
94847
56417
65609
82891
82613
60623
29021
70379
44971
83791
60779
29569
12041
29129
56629
65357
62581
87719
85661
57089
16217
57223
81097
15107
34877
86257
97453
82997
65269
71861
4013
83639
52069
71807
66943
35863
33827
1471
30341
6073
7019
97861
37813
42397
49331
19759
11317
15031
30089
19423
181
50023
81847
81569
69491
40189
91691
90533
24697
80489
86131
52667
64439
38993
26293
32887
2837
88801
57709
34543
97651
91373
55049
58129
34369
8581
83207
72019
47657
36493
15643
48109
93229
20599
53231
86353
65539
45289
317
15193
27253
86857
72229
98179
49037
3137
53441
76667
12941
14537
13877
31907
27779
96799
96739
90907
26249
2273
86573
79589
40031
4831
29027
33769
27103
88657
43177
17483
34549
43969
35533
90523
54101
31963
88801
27901
58997
65551
7853
76243
84631
45503
11047
35447
65413
8447
27143
97967
32441
36683
77551
78301
66457
9601
35759
11
20047
85333
38953
58943
52691
80611
72973
31387
14723
61927
64153
1087
29221
99013
78241
36943
44543
93407
1129
34261
23053
51343
32443
83417
94811
12641
62053
61363
46229
22679
84859
71171
30941
25163
54011
90001
29033
28687
22367
70321
97157
11897
72229
48817
11047
51217
11969
82393
67829
13721
18539
15649
69233
55171
2579
64109
95467
89867
49549
42013
34949
35353
15859
71341
65537
74509
84961
19403
6857
30259
95089
24571
45263
67493
1523
59671
42677
14251
65927
13729
30539
9749
54421
4229
68477
81817
94229
87613
71837
44089
30649
10141
6571
73327
6173
98737
48589
94079
18199
81421
24943
14057
8831
75629
6823
31957
59123
52189
49669
49201
93763
86357
62303
48539
12329
54667
31627
28019
42821
27527
811
79399
63247
28279
76423
72139
27059
26683
66449
49123
31477
97549
90917
65827
96857
409
2803
79621
76249
54121
30197
93761
63853
99223
42533
2543
53939
2339
31957
2617
53323
55733
4919
19259
90197
83813
15619
18401
33587
86939
95929
70459
5519
7459
59929
22817
28597
64601
5779
8161
21157
38083
3407
10433
37357
70867
13933
16879
98407
72379
42209
74873
29761
49339
17987
42643
56611
36629
89371
96997
46681
85313
91139
77723
95971
51511
4373
25087
40253
32077
58061
89783
99559
86959
2591
59387
81331
39047
81199
79801
14341
25087
55163
70621
2243
971
37307
60161
38327
27541
80777
91801
14717
95569
93239
32323
47459
23
85523
13681
54421
44281
5419
53959
32309
8753
16453
15679
50777
1669
18749
92861
49843
1511
87151
53479
2767
25609
38053
65447
57527
20719
80737
211
16937
74143
32771
92479
97879
41399
7547
52387
92593
35291
10267
47563
46997
29131
91199
22811
54193
32213
16661
8311
57037
6133
65011
84967
56267
7219
50957
16843
52267
32909
38707
97579
10151
449
9907
8521
42257
40751
87587
57793
82039
1013
9431
30389
53161
22147
80917
11119
82051
1609
42829
40129
28843
32327
26371
91499
41983
4493
30449
19699
39293
74707
17581
75797
75629
52147
8179
41737
7
99259
4649
82073
19387
36607
35831
77543
63493
18671
12227
69371
42773
58699
33589
601
16417
64997
92717
62683
71761
45757
8089
35027
44203
49927
13619
43633
6701
23687
92251
6719
44851
99391
11527
69011
36017
50671
70313
24137
97943
7243
99767
41039
69119
55817
42131
10273
23003
57793
76829
19037
28411
8539
58211
78341
61547
2
45677
71257
23689
38431
2879
97579
37811
15461
66701
2137
94229
38119
27541
11717
48049
49411
79481
41179
9277
23311
54727
57191
7507
55313
3251
60811
67061
63391
62981
52567
86923
12197
25679
33359
54121
29989
31237
17419
49139
2917
42221
66541
65419
99053
82219
37571
48539
62039
5987
84437
10949
86857
65323
41771
42701
70481
7039
34033
57557
73019
93257
67943
9479
41399
5689
90631
77101
39097
9587
49891
43541
55061
40577
33301
54163
24281
76697
27487
11939
6311
34949
24979
96079
24859
95603
61837
19681
3803
1699
4013
1553
15139
74201
32693
83983
82559
24133
61357
23227
58943
35597
95597
38371
3889
51539
17959
29881
51929
49253
67829
60869
10513
99131
57179
60737
94793
21599
85819
19051
46183
92179
43019
89123
90023
81847
73133
72763
29311
58231
20177
94819
509
16433
33601
4703
72613
55763
58967
48481
29629
28669
12809
65981
50033
74231
28643
67979
19843
37441
92489
94463
30269
58567
83537
21379
64153
57107
18233
61
18301
41813
95021
40879
86017
51349
70687
82207
10853
31259
31991
66403
88591
48157
33773
39181
46183
67601
10691
70921
29399
24697
65519
88169
9343
72689
32141
77171
31477
54419
77351
77029
2089
96017
19979
89611
47699
96137
71971
62017
49927
27953
52369
39097
81901
92831
5573
29399
84127
17761
24421
15413
69067
14929
5813
82003
92503
40087
59417
24659
19819
60521
5351
44699
56843
49171
35023
8731
45553
31123
97883
1613
63841
50363
64579
69623
66529
72727
3623
51203
14747
51859
94649
88661
71249
21221
94351
63781
66067
54167
13709
10987
39079
42227
59123
1861
98627
19463
32251
67121
54623
52541
93493
42643
7411
58199
36353
337
54907
64499
51869
74077
19073
69931
86293
14639
96769
80701
4457
86453
58379
19681
857
2999
90149
60773
25409
8849
85621
62303
1861
63697
17681
96739
30977
49207
78487
72767
49927
34537
38459
26701
32563
61879
1709
20287
3011
99871
24133
8273
86353
88771
52369
88001
93479
65839
49417
19727
78191
58363
7817
81371
24317
27689
1061
59747
4159
80491
34061
56167
38569
1193
89057
76871
87589
92051
20849
92507
11423
48947
2633
1091
38219
56527
9901
54577
24481
86263
1831
26317
45317
10343
31091
98869
63607
32911
58679
70121
15541
18119
27967
81401
20071
39719
58579
9551
54647
84961
23531
70019
57179
27409
95527
1511
9929
26683
80527
59629
14683
83639
11807
87623
98213
46049
86399
85259
85133
68767
55763
23311
11701
9781
7649
56827
75793
69493
93529
32057
78059
17923
6007
36551
49123
22189
61643
85991
53051
42961
69341
72031
28057
85229
83273
48487
32353
93497
34613
19081
85933
15887
46073
1031
50101
56569
58661
27691
49993
75743
64577
51767
99131
96907
95111
71333
19597
80341
57529
733
25033
28657
97151
57467
15661
80603
30671
74887
97927
94291
99559
83857
11159
68521
85831
65011
49109
68099
17477
24043
44753
87181
81457
66863
5237
181
39233
48679
80803
21911
50047
8681
54851
47441
93113
98893
51517
24407
97453
49549
19477
15667
34439
55663
89213
43399
44623
61471
35797
66697
91621
7487
77447
73181
77479
85303
73679
40427
34847
55001
67189
11161
90473
46091
85607
83609
67807
37963
31231
65423
13487
77999
85999
74707
34819
98929
20347
85853
60343
83939
76157
75539
94727
54151
72469
95873
62929
46997
36653
22637
26759
7817
36583
39869
80107
23549
24971
48661
90017
60737
16883
25523
39869
25439
4259
2789
46439
48281
10243
10607
33287
90379
10007
50627
67853
86357
46831
32413
56663
90073
59407
9497
19469
21179
52567
3251
71549
83233
76781
85223
67733
17333
12697
32003
46399
39839
36131
2
94961
72613
31387
50893
63241
44281
26407
32647
54049
78901
93997
14051
92753
77041
47737
34283
2423
5237
61687
75571
10853
39607
84503
82487
61141
947
37691
11257
41593
2141
32143
59351
76213
92357
34703
40499
37159
66179
1553
16759
68863
15497
55967
61703
97553
8017
21031
19753
14557
88469
19183
27737
28901
6311
33461
96601
7741
347
29033
75269
2689
89809
58379
80657
82013
18439
22777
42589
90019
47297
63719
82387
67121
22111
44959
88301
32503
94603
9781
73727
82997
31387
25391
14081
62653
87221
32237
73637
87931
66347
72647
92413
56401
54979
73079
62017
78479
20047
8803
68683
95783
76001
74797
86501
21937
21881
74861
82171
38677
8699
56443
23201
65609
8089
40519
30059
98837
78517
27653
7243
68539
24223
1663
48889
85061
99809
14207
63727
41467
25037
56333
37547
24847
32569
25343
50821
82193
24023
34129
22543
35251
16007
49741
5417
26209
15887
59951
47129
17903
93983
57073
11261
19139
83341
63719
6689
83117
4027
97021
26021
