44352
77760
146880
16552
23904
138960
364600
142560
51200
19272
68732
54912
147564
48960
114048
221760
51840
43200
357120
380000
387072
337344
74592
1498
129600
228472
308520
291456
219648
441696
175120
192576
38344
173040
206976
3024
12936
82944
201096
57960
102420
319872
35040
262656
221816
115640
23280
276048
73616
295200
242928
71744
113328
4608
63360
341280
247500
201600
194304
21120
321850
309120
236160
368832
64380
76688
224640
69280
196464
8064
74880
264360
151440
137216
148332
63936
173640
92652
3200
368000
313488
224640
5604
97632
157248
21760
366360
34776
255744
159160
90240
212544
318720
318692
29952
47520
39888
147456
83168
199008
