1200
2528
1440
40
3800
2240
4390
64
2112
280
88
2400
1384
384
528
1600
4128
660
420
1080
1920
1080
1792
48
4608
288
928
864
88
2350
1760
576
2128
2112
48
420
1464
3020
2880
2400
2960
3840
896
212
3900
1600
600
3904
972
1088
4080
40
1008
1960
96
1080
704
424
2752
48
2112
130
828
256
1176
178
12
3312
1920
4032
1152
640
1920
1728
828
1152
2880
828
60
576
576
2124
660
2064
280
48
1920
1536
544
1008
768
2160
384
1080
2336
1344
480
2880
3120
3584
1344
232
508
3120
1812
528
576
1080
300
3240
1728
508
3156
1440
1296
1568
3298
1032
2640
2592
1056
2112
1536
1968
808
4912
1848
420
1152
1560
3024
1176
2064
2016
442
96
1872
1248
996
1856
144
3088
1872
3538
1384
420
1048
32
1188
2304
1848
2320
1560
2048
100
1384
1176
2172
1500
2016
2868
928
2016
96
72
40
216
1072
1044
192
240
640
3300
2640
2112
280
1584
2940
240
4918
2350
1912
1800
3560
280
1222
792
2392
2688
3490
24
2448
2048
4480
1600
2460
3648
2592
4600
32
1872
1680
576
1188
384
2160
576
2208
2304
108
2112
4128
2224
3490
2880
972
36
2496
1792
3888
840
2844
384
324
720
2640
768
2972
4584
132
3648
864
1392
2760
1600
1344
1184
1800
720
3200
2080
1536
3024
4056
420
1040
828
3648
768
2940
2940
1560
952
3022
960
1320
600
1632
768
4452
2704
72
720
4032
2436
1464
1344
52
288
760
1912
1680
3412
2002
1528
1904
2016
1632
2112
3000
1008
4400
1520
1680
2112
1872
2640
4080
486
1
2096
2272
2304
3910
1510
896
448
1680
344
72
1696
3360
1640
1152
4524
3200
2016
1440
768
1120
2128
2392
576
3388
2652
3560
1344
744
2400
576
744
260
2338
3756
2400
2376
2016
2376
1
84
2880
1696
2392
3456
3888
636
2304
2280
3360
1760
2496
2560
3200
2640
3168
1572
1680
3712
3820
4608
96
2520
2176
1728
1584
672
400
1200
3840
3456
592
712
2640
2160
4288
220
2088
768
2024
320
3240
4560
288
1812
2112
3312
232
2880
1728
2916
2024
960
1680
1320
2720
4870
2880
2288
560
528
1188
1152
1008
3300
2400
64
3240
996
1440
720
384
240
288
640
2560
1836
2576
3900
1536
264
1080
464
2140
2852
1200
348
2144
3910
3040
2400
120
2320
328
832
1600
2816
624
768
3622
1764
1032
3948
2400
960
2736
4
2400
3312
2096
672
1920
32
348
336
2904
1856
3120
384
1080
1600
3728
358
336
2560
1344
3324
996
2632
3240
64
2112
168
3324
648
480
1376
1018
2112
744
2652
2528
4210
2640
232
3312
432
1008
3200
418
1800
288
120
3760
1048
2376
3200
2048
2880
1152
1296
3040
288
960
1452
1450
928
2340
1200
3024
2064
336
4324
2350
1960
3456
996
2962
144
2560
2376
1320
96
1656
640
112
408
144
2304
40
816
2592
2688
1288
4400
2160
1008
432
720
1776
200
1848
2520
3080
2496
24
1376
264
864
756
3552
3840
2928
2088
508
2400
720
1152
1920
190
48
2160
1824
1608
2400
2064
4324
2400
2460
4072
1008
1040
1248
2816
384
1044
1920
1344
240
3264
1472
2400
896
256
432
1600
2120
960
2688
344
576
1920
2448
32
4942
636
768
2240
3840
1872
1680
672
144
2880
2240
4056
4348
1020
704
4128
3850
1908
2698
384
1304
2160
2304
24
1824
528
2160
40
2640
744
2560
2112
760
4080
4372
100
2240
960
4870
1248
2496
2652
1428
2592
2144
1040
2458
1072
16
3680
1584
560
112
3360
432
3760
656
4032
1600
3808
288
816
178
960
4400
3024
180
2280
20
64
2544
2196
1476
280
888
2400
1224
1592
48
1536
276
1312
880
440
864
1908
2816
1080
480
440
3672
1102
564
1836
2112
360
744
1008
1240
624
864
288
2880
1120
720
4592
864
2048
1536
1240
3000
1808
1344
576
3432
3760
1800
1008
2520
3680
800
1872
2592
1632
3040
264
960
432
2016
3792
808
2304
3168
2640
1558
2592
2304
1152
1344
1080
2024
480
4500
384
720
1008
2436
3072
1440
1424
576
2640
3504
312
504
3084
528
2016
2760
1792
344
96
1080
3516
4640
1930
3538
2664
3060
160
3800
1200
40
3084
1200
60
3972
1680
2940
1500
528
2208
4400
2880
276
4200
792
144
512
2352
2564
1344
3020
440
288
2240
1288
2336
528
620
1740
2960
576
1272
2548
1200
1104
1056
480
4600
1440
1450
1728
808
2592
3360
280
4400
3840
560
2376
1450
756
3760
528
960
442
2350
256
960
2112
1544
620
2160
2120
2350
368
3920
1536
1088
2112
3900
1040
440
112
358
2304
2784
192
1440
3840
4744
2400
592
1376
2448
864
1640
996
468
2952
2928
1560
1920
1520
2160
420
1320
1920
2400
3204
660
1664
3920
552
800
2496
276
4400
64
1104
3552
1
3840
3168
1376
1344
40
3240
3000
2880
1930
1680
1582
92
3560
480
352
1032
2938
2064
2112
2240
2112
2144
2960
120
1440
1872
4918
1222
1440
3528
1222
1152
658
1152
2240
2304
1120
1392
4200
1304
2400
3224
1152
2640
4324
1764
2176
2398
2048
1288
2208
1680
2900
1452
3816
490
4732
3312
1728
900
1200
2032
4032
1408
3192
960
1810
3232
3060
32
252
2576
4942
1476
1500
4372
3360
3120
240
1392
888
2112
84
1920
256
2144
4
2304
1536
320
176
1008
1008
1584
2240
40
164
1680
2256
2
2520
2096
3516
1152
3584
3520
252
2076
3600
1102
3948
384
3080
3298
48
2160
1008
1920
1438
3040
3084
1760
2016
8
276
1184
2448
3560
560
808
2112
2880
3760
1440
