15840
12960
15776
44240
5632
10392
17920
10368
32400
6624
31152
9504
27360
28560
40352
8748
30060
16128
10080
34784
10080
3072
20880
13860
23040
21760
27648
10080
2
40704
23624
37632
15824
17152
48132
34848
16800
27280
20520
25600
5136
10752
7800
2340
12790
11520
18560
7824
96
48984
12096
12672
7488
1872
24312
3024
32400
29440
16704
1724
25292
7728
27992
8320
29400
832
16800
26964
33104
41964
24610
5280
23548
38880
7680
39982
17980
2688
10090
12168
8856
19600
25344
33312
27764
31040
660
22520
28956
17856
34752
16224
1320
22080
29568
30688
2784
11328
28976
43520
15312
19512
3168
42000
16656
14976
29232
24704
32784
10824
9932
13824
2496
9720
18000
6576
4752
14232
4056
29880
10798
2448
16920
9000
29376
8000
19728
7728
30896
12672
13392
9720
29120
38796
10752
13608
25704
9984
21960
31318
40320
38400
15360
1200
24832
40768
6480
21312
8640
15772
27224
14688
16896
9504
2592
21680
23472
23760
3760
15936
4584
25228
5580
8208
10152
21120
17280
9784
300
12000
22176
3168
24288
6560
9888
8640
11600
16704
43520
29640
6000
43660
9600
31100
8824
22288
25632
1720
13584
38016
42504
24936
28672
2656
3248
4480
24624
34400
17220
28224
13320
18304
4584
4000
744
25152
18560
16032
14016
38188
7416
26324
31320
20736
28968
2376
18144
23680
10208
39072
19584
6000
29376
12672
16200
24192
25200
14400
432
14352
20240
19872
9538
30240
768
10800
38472
24288
24912
9552
13464
10752
3120
13920
1872
1680
10368
29376
27840
24192
30288
26640
5568
30160
9240
36720
31872
17182
18480
43200
40920
5480
25920
9120
15912
38160
28800
3280
17448
26880
22392
6048
1472
27168
13584
16656
46116
5056
6920
29520
25776
7200
29856
13992
32320
3720
13200
15168
12672
44256
40464
27648
11088
17280
29376
23520
12168
31160
3264
7296
37240
18720
12096
38912
32832
4048
19708
33600
7920
19532
31200
24024
18720
38528
5804
29952
41976
20376
32768
24024
20544
14688
27048
11304
11088
18304
8736
44188
22272
7200
1728
13608
9636
32932
19800
9216
2160
40668
17472
29530
20480
27280
11152
14832
11984
17280
26400
18840
7968
11200
15172
5184
480
39744
22270
16128
20160
33312
11280
27680
7920
33120
2184
37296
19092
23680
4800
19320
24960
32448
6704
24104
14496
43488
8928
36084
19968
3168
10116
24960
19872
23760
16
26952
1888
24960
4536
22400
29004
35640
17628
40280
23668
29440
40080
14664
27900
45120
48852
28680
41760
22848
11328
13648
11612
43392
11812
25344
2112
23328
35808
27360
33536
2000
18992
22032
22464
32256
36480
26964
31680
16592
19888
24748
10320
7244
42472
552
17736
2902
35952
12588
14400
9600
31296
7560
14336
9204
7168
15360
1440
3456
9600
120
11984
1452
288
17172
928
40680
25920
1728
24202
28800
18720
44272
2368
13960
3392
19968
15264
36288
5580
9720
14400
10880
24336
30240
27612
35840
25918
41664
4440
34128
27648
23760
7168
3712
4792
7040
2480
2304
8400
27000
48132
6960
29616
2268
17232
20736
20800
17472
896
1440
23496
21560
19992
17056
24528
4800
10400
12528
2580
22800
23520
6480
2528
24800
11760
7600
8892
11088
16896
23760
4920
25932
36400
35600
16368
27840
38568
24288
1728
8556
26136
1222
29376
10752
15600
20160
44280
12
9472
7488
18792
24192
12800
26400
23408
34560
8352
1080
16524
4608
42720
35904
36480
240
21984
29482
25944
672
8064
10176
11200
16392
12156
8800
1920
384
14664
1030
7800
14880
12820
27444
13944
31800
44
7656
3024
29232
19680
17856
19680
22784
20160
25640
23400
16512
18792
31572
18432
25880
29064
3168
17460
12144
25704
23098
18924
4056
16128
20628
29592
1408
23184
18816
12
43632
44016
4128
16632
32632
28224
17938
8064
39400
7560
14784
16704
16384
8568
10320
30540
14782
22736
10080
23804
21600
24840
9504
20480
24832
10192
36264
36576
6144
15680
38752
3300
8928
2304
15840
8110
9240
9200
22248
6280
15120
5040
27096
15276
10512
4608
9292
22032
2112
15712
17496
18144
23668
252
18216
7368
13728
12960
1040
19680
27112
2016
47196
5038
12240
21200
24528
36720
1920
3392
2880
30560
22656
29952
8064
22032
8640
24800
16560
16320
14320
11400
14400
344
11792
464
11904
2048
21418
20448
20736
6720
17664
26472
20444
440
23400
5100
38616
26520
24128
44220
25536
504
3584
6400
2320
14352
4800
21920
5084
20800
6240
17568
23904
28272
25032
14000
23520
4800
44256
22520
25840
15552
27456
16930
17520
11600
15840
15816
10692
19200
21888
5832
25248
21120
13840
30720
12000
23040
33924
24024
17376
42300
11040
7056
37728
7680
22248
24588
19440
24120
10496
3984
14912
11712
37912
5240
18960
32472
212
8440
10080
23744
7776
1824
29664
24768
37440
21960
29400
28980
13824
16384
32040
660
37356
23304
7488
31472
27996
27720
16704
960
11600
4560
16560
3792
11244
10080
26520
17472
28402
12624
15790
37440
28160
9280
4248
32932
25920
7980
25056
25344
33568
18944
30400
19712
12416
1472
14520
672
33024
28896
8640
14136
2400
24288
24648
16896
7244
36396
6000
28020
7200
24960
960
2304
6648
15120
37740
20224
19080
27520
5016
11000
4032
160
176
27396
8000
8000
35520
13104
12144
6228
920
23744
400
29916
19560
22528
15360
24288
9936
1280
13840
23360
11124
108
742
3984
29520
20048
20160
23040
39104
10752
3528
46464
4784
12160
18144
2772
4704
1328
18132
4496
25632
22224
2632
8800
47472
34560
7392
13408
7368
33088
4192
26928
8736
3600
25056
37572
1792
4800
24872
888
19504
3432
8712
31640
22320
26688
11518
18720
4056
34440
5040
47500
8528
11520
19968
9720
13440
29760
5112
22176
25320
7920
28152
3456
26928
20736
20
24872
560
48984
256
24440
2400
15840
24588
25964
21600
832
28080
19512
36760
2816
30864
7260
28296
5472
26244
8012
4160
30240
16896
10400
11664
1944
24640
4608
31104
21120
4656
38400
35640
15776
23904
2160
29992
12960
4032
12720
12800
48192
7284
13384
8004
1452
31080
3012
8700
12768
16704
25760
22078
32368
5424
21504
1280
31360
12576
4224
16116
21488
7042
11512
10680
30960
12144
7776
25920
28992
352
5760
30528
10080
24212
1680
14080
18040
7224
35196
4680
29952
27360
21348
20664
23328
27216
144
20448
18048
8592
9292
24288
26928
16368
38188
21312
13864
17152
19372
3520
14000
16544
31648
25344
15552
11112
5940
8480
19272
960
17280
4736
38880
6072
4608
27216
9660
6720
15912
34500
17560
45056
9216
5688
26796
8480
47544
2160
36400
17124
9920
7128
10512
12720
5740
27680
26112
13104
4248
8064
13824
22912
24944
26700
192
26904
30240
5376
4080
14400
4956
35844
11760
20640
31312
5792
4320
29732
10872
5040
23040
20128
19912
24192
7320
24320
23304
2592
4160
28224
10368
49200
16848
7116
23400
28224
10872
25912
13884
21216
6624
21120
13440
20628
27712
15552
24120
44928
32360
3888
4056
9360
3720
10560
5088
16000
7488
39982
31200
27224
720
2484
27840
29568
20736
22480
33536
19680
24970
1320
24192
36204
49744
11548
23984
21120
37840
13824
16000
21888
27216
12000
12652
828
15960
10560
23240
34282
16368
9744
24440
13760
28312
17920
19464
12600
16576
14676
9028
10680
28500
720
8280
26640
8928
30336
6048
9720
23720
38000
6832
19932
17696
21120
25200
37128
5760
15312
34016
29760
22880
15640
24452
26384
1848
7504
592
26880
15840
10368
3072
17136
16560
12288
2880
30240
14976
16848
6920
23760
20880
20492
33748
12010
9936
21010
4736
42022
1044
12480
37440
4248
23904
36720
39900
3080
26544
1680
37392
33180
13632
9088
15824
5992
23760
35932
49888
13920
12096
18148
12960
36672
864
9216
22528
29568
4600
39264
18944
4800
9132
24744
12540
344
9120
9504
13200
18816
29304
18048
27996
2688
26028
10392
7056
24900
48600
26458
3448
19212
30240
25776
21896
8904
15280
13824
43792
13248
12600
19456
34320
13776
4752
5760
38412
20880
25200
3876
22752
21892
28656
3840
26952
9216
20160
11688
11016
28172
31584
18000
24000
5302
16128
6000
9264
972
43942
9132
30744
9370
30720
14976
17184
11424
3360
21504
1856
252
34768
20736
15120
21120
1584
13296
9240
27360
42312
34560
20736
28820
10496
10908
6464
7812
22080
27982
16008
21888
27520
2448
24960
23760
23520
47278
5040
3862
22960
20520
4560
41440
8856
24912
22680
16416
15600
3920
27456
18816
28284
7200
10368
11520
33120
26976
33120
28296
12648
5728
11600
22012
10240
18000
18240
18792
12800
34296
18176
12328
23040
1344
6048
38784
28152
704
19512
13740
3744
1600
23328
10312
16880
11520
32448
8832
7680
13824
480
30240
972
13056
15044
33408
28656
35280
9144
20160
45952
420
3840
19750
1296
10400
7104
3168
32892
49888
28584
1536
1728
17184
13824
36382
12228
15520
7360
22320
12088
5240
29952
10240
24744
5184
6096
24592
10752
21340
11952
4608
19248
19116
43160
29952
10680
9376
33792
46690
11088
27648
7488
21744
12944
24224
20544
1752
21504
25920
36984
29400
960
28320
9240
40342
3816
29952
32936
29872
9072
4896
2720
1440
33768
45312
31504
38520
9792
30976
3168
43344
32120
15912
24600
21504
24096
12096
24360
432
13800
23704
25344
11152
16240
11952
10656
12800
9728
2960
3984
17712
6804
7560
36000
5480
12240
40644
7812
24360
25440
14880
23616
33600
5040
16128
8820
22620
2640
33280
35392
9984
13200
22032
1384
44736
22656
13960
10240
1296
38532
24192
24480
1008
6768
34560
6336
20864
17280
24000
20544
16464
5440
19080
10176
10208
5760
27142
7680
16784
20160
6400
8662
7380
1080
9132
6520
21312
42312
39232
27072
34438
28000
24960
36264
768
22048
5480
33924
11200
1972
17280
23040
6048
3600
4800
26660
17952
47544
13152
2880
31968
19248
11200
448
14400
26568
5376
22896
33536
7488
25200
27600
192
21648
24408
1080
7888
27648
48384
21456
32000
20624
14400
14520
23400
192
10080
11000
25920
33622
20160
38400
5616
656
48672
120
1472
7200
23280
492
14688
11244
22080
27216
46500
8136
34256
19932
11208
31360
4752
10560
14448
33108
23040
4872
37152
11232
16000
352
4304
3456
4160
24036
11488
18924
38412
21216
37152
28848
28212
16320
29760
7680
12552
3948
25696
7056
25704
1640
3528
33088
17520
13440
29568
28560
41360
39396
1800
23940
1384
10080
29700
20592
1600
6560
24864
42624
4480
33696
22620
27992
20436
29988
12800
4608
1408
13008
16560
36216
12672
38188
2000
4800
16128
1280
1080
12324
42048
14700
31844
3644
34692
24192
18720
3820
10080
21504
8110
36264
15648
38232
12960
10368
38192
10560
20880
1728
19908
5304
5160
8400
27720
5376
21120
21600
8844
34128
7824
14448
12800
7824
24480
6720
10392
11520
11792
35520
1836
19200
35456
30180
24336
34512
6000
16992
22272
23040
31160
19260
29376
2208
3456
1376
9000
40948
35328
40160
27168
1476
5424
12576
24960
24000
23904
2304
23760
2112
5280
33696
25824
5520
25560
19320
42240
1720
6780
1344
564
6816
16896
3696
6912
16
7116
18432
960
3696
16080
2304
9920
2592
14320
5280
9984
3802
9120
3672
16980
35572
33120
12096
1728
45120
7200
4800
9300
31160
7992
11460
34704
4744
13104
8400
4592
41380
5904
7272
26432
36864
8040
13440
8160
25680
20416
17680
3792
1740
17600
35292
72
28160
4176
3910
20160
24000
8000
16032
6912
15600
18040
16128
42088
11938
19008
32076
3024
6456
2880
11520
15600
17856
20304
29808
20316
23688
12120
28224
37184
5376
20160
25280
4176
22464
1920
11088
22440
13920
23744
30720
5136
12576
13450
6336
25776
7360
4016
2760
14760
18720
17520
24120
8892
9504
37138
26120
3876
2464
14400
36288
16464
11008
30192
17280
6912
960
6624
33120
18120
430
42472
288
34318
11612
6040
20160
23760
18000
35328
19728
7210
18432
22464
11652
25600
19968
11004
2496
23040
3200
888
10880
12000
6144
7536
16608
16320
10548
28968
2880
14688
24912
10116
10448
16128
31104
8320
16000
17784
6432
4224
17920
18560
28704
3840
14784
10840
18300
35200
3456
15120
240
9216
2076
15072
16896
448
41676
3996
31104
8068
44928
37760
19504
11616
20960
13248
31824
880
24192
42192
6804
23052
26960
5772
40200
21696
18920
14784
23968
27500
2808
22032
9972
16160
3720
952
10368
6912
11988
12528
20128
9000
17808
47040
25920
2880
15864
31640
4032
29952
31568
10400
15384
21504
14480
9144
14928
7040
40080
6048
5710
43712
25600
12960
25728
9504
29722
48444
26324
600
12096
7776
22400
11592
20392
12900
12648
3744
14112
16320
27136
4584
9216
15296
26880
40644
32256
9088
4128
23328
28312
14616
21024
26064
1728
10320
10152
23052
16320
4032
24960
7464
17520
16640
34630
2112
7488
3528
5376
17168
25920
1572
47196
4320
22140
26208
9432
8480
13472
17984
3600
704
3784
49536
640
4896
11664
17664
4792
1008
21120
2008
6624
10912
21120
7882
11952
1224
13920
29280
40840
22032
46176
23424
41960
18000
41380
4096
1344
10080
25056
4272
21696
29440
10368
18720
8832
96
12000
18176
1312
5472
22848
10368
23328
18216
22644
6448
41856
8280
768
28152
25632
39480
32436
29700
19872
18368
8880
32842
576
2560
1120
30864
8360
12696
23856
23552
18792
4560
3456
32160
15540
43390
6912
7040
15280
3248
14208
7248
17664
10752
4736
14288
12176
2016
21120
2952
26496
37200
1020
29280
2016
2400
43776
14976
17280
22620
10588
10800
45118
29452
2640
16560
12240
23980
23280
4800
42552
5600
11984
14148
29520
30328
840
33118
624
31640
26872
29352
22892
1808
32760
33552
6300
23616
25120
44520
26712
38332
13648
30240
28560
29362
8568
4592
15664
24
8280
9058
14400
72
19440
10752
4752
19200
4776
3728
24576
3456
9696
10080
7488
6720
11420
30240
10080
45592
26272
11952
23520
2176
4320
19200
24448
22248
23408
5888
18600
12576
33720
9744
23184
10752
34992
35232
12900
3200
46112
4032
22656
13104
24972
36190
46624
4052
10752
16896
9984
4560
48192
5904
17472
3572
48730
18000
35068
3096
29568
13248
19440
28750
36192
2880
6040
31896
2760
23760
1640
6144
4416
17728
34252
30912
16128
30982
2088
5532
5488
16810
8984
6864
19200
6
24336
2
19560
11616
1584
35472
130
38704
24096
1222
4884
32256
15360
6656
24192
28080
28032
30144
14400
11880
27648
4800
8064
4052
6720
19440
24072
33792
2016
25798
2240
15552
37378
33520
4600
2000
24648
10116
2640
8232
11232
5424
7320
18132
21348
21312
8040
11856
2704
4304
1500
30480
15756
14220
11520
42408
6480
768
29640
18240
35728
1248
11040
14400
48424
28416
14400
19200
31296
15936
1312
16960
2784
7992
28800
40342
10080
20248
11880
15360
21120
33808
23760
3744
1560
3744
2856
19120
6322
2068
31980
47232
6912
13680
16128
10752
1176
11592
3808
6400
9216
7540
36480
12176
30304
22080
13440
8576
10692
6176
37392
5060
20064
24972
9120
4176
37716
15840
22032
1008
26880
29376
6408
896
15272
36000
22464
12200
13568
22680
27392
18144
2304
39312
11840
36760
21888
39072
6360
8280
16552
5280
23320
6264
6232
42400
19224
1536
20580
8208
9120
14080
7200
25272
23052
25152
15600
7776
10356
2592
238
8640
35196
2688
2880
22348
2400
2338
21232
14560
16704
1040
16720
3560
22644
28560
7480
45360
44772
36480
17920
20410
14840
31680
8064
1440
28560
38400
14208
3132
1872
26688
28032
2720
32160
34438
27680
1732
46848
21504
22632
11384
24288
7680
33784
1120
5280
38080
4896
2960
544
33528
20160
10800
32736
4520
32436
16576
4912
11830
28064
15120
43120
13960
15912
1200
4992
11392
3324
10440
40558
24192
18480
25056
1
21888
22752
7480
37080
192
15408
39400
25944
14664
6264
30768
15360
2160
12528
84
10920
11698
18592
10080
18400
2880
16720
3360
22464
39168
12096
35840
31080
12720
8136
31440
9216
3812
2640
4272
13248
40464
43200
9856
15552
15680
4536
5952
18216
26880
4480
2016
19200
34200
12944
30400
45312
7992
2640
32632
864
33552
20864
24212
20160
45120
33600
46618
12144
6720
3456
33720
768
1728
8496
25524
16704
12096
38880
4176
22176
9408
8448
1376
13440
42640
1912
9408
6888
7920
10632
10080
1592
42312
12096
39984
3132
12228
31104
31472
13584
29160
28848
39550
4160
36400
12800
31320
9576
35856
1008
13724
10080
11232
15768
37504
5904
22208
16090
24000
288
41544
10872
13248
46400
31040
4320
11000
4440
25920
144
28992
640
38400
33144
9058
27852
15480
43648
5280
12010
29376
27376
36432
20368
7200
30144
44928
44728
5040
39760
5532
1680
4080
20224
880
30960
39232
13320
14136
27648
18144
12704
19008
19552
2160
47772
14040
20736
1224
21276
13376
7776
1212
7648
40896
13440
1236
33552
14256
6096
24960
20736
10752
720
10800
14256
288
10872
5160
25404
7080
29360
35520
31104
5056
8640
4352
18688
4872
12960
4464
13680
37840
10496
16080
44640
1200
18432
48
23112
3456
27680
12960
14976
23024
3588
6480
2176
27984
16320
17928
29184
6130
22464
3300
20832
3948
6528
7616
7856
29952
17280
19944
828
6072
26700
320
8242
17040
624
4752
27792
28152
49498
9216
17920
3552
23000
2592
20412
32640
28320
27840
10920
21920
29184
1440
23040
12672
15520
48
10692
9216
46112
11520
28188
33408
20220
440
7488
17280
7320
38796
36480
4752
12684
21216
10656
25920
26880
16320
30456
20796
12144
14688
2568
8280
28512
1584
16896
5760
7728
5424
21816
5376
19200
6704
5676
13760
10080
14112
2880
21168
14760
3120
29256
18432
41398
8800
30240
24000
43312
34560
3600
10080
21012
18480
27984
4320
23688
16128
10472
162
31632
864
11424
18816
25088
21952
2208
43012
31440
14856
20736
9856
12000
12480
8800
17808
5568
5808
1920
7920
32784
17280
29172
26880
26208
12012
22464
19712
24552
17680
26048
11808
28760
2592
14040
5184
23256
15360
2880
29920
4224
24000
14544
37884
15296
22320
20448
20448
28632
24800
528
1620
10252
21464
18720
5504
6816
31776
1320
4992
5856
23544
35360
39982
2112
8856
7200
25824
27744
13920
33712
11368
17352
6528
10296
2376
2240
36360
34560
5472
15360
30708
11808
36608
32000
13608
4096
36288
7440
10200
4560
13776
7920
3120
17980
6144
14592
29448
1152
25272
6720
48384
31680
26496
14208
13864
256
22464
3072
44688
3328
33264
32768
19128
40896
28080
1200
1280
41808
15360
15680
528
1408
34560
4120
14040
7152
20736
12096
14672
11600
29600
14568
17940
21060
2160
35110
21320
22464
648
27904
2940
28800
16320
22048
39600
16160
48730
8004
13560
17280
26340
19256
13752
24312
33600
5760
45540
1344
15552
21088
21168
15540
3072
2704
6560
5280
440
26880
6648
11470
30912
13752
12480
8780
6272
16704
1296
10800
24864
30208
3456
21648
10040
19284
16320
10368
660
19872
24748
24768
8400
7800
11040
20248
22032
28704
28860
28224
18480
11520
34560
4800
26544
7488
31136
7284
28736
28800
21568
28900
16776
21312
23436
932
24192
4048
35424
19584
36000
11200
18992
1240
17216
3192
17600
4272
18720
33936
25920
6560
3720
29400
22000
3024
20920
22836
13440
18792
12792
7840
720
5888
5184
12096
14616
22800
32768
5200
31968
27216
14328
13056
35200
3168
29020
33264
18144
10368
14400
12048
22272
24
14256
15104
5040
46944
4248
24192
18128
24800
936
18984
2
7040
15312
8640
16224
8480
21864
3622
2688
13224
29530
1056
11520
9972
6000
6360
39168
27840
19008
11804
1088
14784
552
4368
19248
6550
4176
1856
46176
4752
41760
5040
34432
16320
36520
2640
23648
23040
12656
26568
34560
10040
3696
28800
12288
8448
27840
6880
15120
24960
25704
17664
9624
5808
26424
2184
15120
31440
6262
21056
11160
12472
36432
1728
28224
23280
12480
19440
22224
23760
14688
26180
2592
47352
9600
31200
13920
27132
13320
20160
17136
16064
11592
37032
27120
19200
29880
14160
29568
6912
1450
10732
12960
4128
9216
14136
1152
48160
2176
25596
38872
20160
11184
3862
13824
41398
4600
11880
11904
10512
2880
5056
2880
26208
2140
35600
15336
6048
14256
15120
36190
23280
24480
15400
23904
38240
36576
29808
35520
384
18624
24192
45168
1728
9720
36628
2112
10800
2496
35844
576
12960
31008
2592
9600
48852
10528
30560
18000
15360
7488
5928
10720
45816
18368
12790
3800
19872
4320
11448
16704
32000
15744
16128
4320
26864
16288
11328
1656
12000
692
11008
2640
45144
32496
23508
4920
24432
22078
23600
38784
288
320
7920
38184
37240
30240
8280
20224
508
24440
13776
3264
60
7704
10560
39096
35232
20448
7320
4480
35200
13760
22920
120
20440
1120
5040
16572
15936
480
9216
16512
1960
47608
32604
888
24768
180
11520
24960
25944
1440
4368
26136
8480
10752
31104
432
7200
3360
16128
6656
39480
29376
9300
12672
25920
21088
38240
27480
26816
11040
10330
30456
11088
4224
240
2208
6960
17280
3840
47472
24336
10798
31104
682
23328
25344
7224
6480
10872
23040
24960
6744
36432
280
14208
25440
29712
26832
17280
14768
41976
280
26188
17496
7536
17820
29920
16896
8144
840
24480
6288
13104
24704
15600
11088
30224
36800
25776
9516
25920
27816
14176
17376
44100
2400
8640
18400
31680
4272
12400
2016
18312
37200
16848
14688
22400
16784
14760
6528
29440
4896
19932
10208
43848
288
29664
27168
128
480
7888
33748
20160
23904
11004
27096
6720
28728
29232
3024
5376
84
6384
21296
6490
1080
19200
31840
18240
19008
14640
18600
280
30240
3808
5772
2392
6240
6400
10932
10624
17472
31104
4752
18324
21216
88
26880
16920
15888
336
900
16848
5424
30688
160
13728
18130
29664
10080
21672
4800
26568
23040
9600
32040
39776
21288
7584
7480
33792
28704
23000
1656
34692
11160
36768
864
10632
16656
32496
17280
26208
20160
38448
34882
25164
9824
15064
22720
18696
39970
2688
24756
20160
26964
23088
25680
5856
2688
35808
10432
20
36608
16596
40200
14040
14400
2112
20800
10548
23040
18864
1608
20736
13248
36080
5760
3888
2960
27720
32880
3936
7056
16128
25056
25280
20600
22272
9216
25200
24960
16320
44632
37990
6336
46320
6898
31800
864
11344
6120
704
2336
10848
16560
18288
768
39468
31920
6144
41388
26208
23508
7320
28020
17952
2000
10656
3744
10752
10000
28872
160
12656
21120
13616
7776
864
14256
26232
24610
29640
19640
28776
2640
13560
19990
4832
22408
18324
13824
10752
8576
2256
27648
4176
23520
47856
16128
26208
14976
1752
33408
27480
22942
17664
4584
28820
24528
33072
23760
17440
16784
11472
36672
38332
28100
10560
4896
14840
22464
23616
264
8640
1112
23904
10800
30288
1920
4608
29440
26448
7284
26364
15540
24288
14112
23424
41472
9752
22248
18300
18240
15272
5760
33024
15922
8000
7856
23160
22080
15312
15280
26064
43776
13584
32796
14840
7488
1704
26880
4800
28284
144
46656
11520
24000
12288
8640
888
25344
6496
23600
24936
34500
1512
10368
2560
9432
29376
23184
6720
15552
2592
6480
11240
31840
7056
33120
19032
20088
23328
17280
12020
35464
28928
30888
24192
5760
20770
48160
7720
39888
30240
42968
19600
26496
7872
21216
8544
9216
16320
17664
232
41808
1920
17520
31968
17064
9408
16224
2064
2720
7616
32936
2392
4320
21600
49680
16128
12096
6912
31160
18400
44820
18432
22272
40320
4800
28408
5120
31018
18848
1680
31728
19872
4212
13312
30336
20592
22080
584
96
31872
12992
32604
2304
18656
20160
3080
11304
13440
11800
7884
25704
10080
48
24528
8784
8000
28448
23760
8712
17040
2160
3096
3644
20672
18176
20736
11664
3072
320
17280
3312
14232
14698
7284
1536
3328
17784
12588
25032
1632
24472
16608
24240
28928
16000
36288
3648
6272
27136
15708
25632
6480
16000
800
26112
35600
1008
1940
6912
2140
22620
11776
25600
10680
20160
37376
23984
19968
15296
12144
15840
3900
24000
1040
33552
16632
2592
42640
33048
8352
25642
44632
12960
720
6612
2960
2816
5760
11880
11200
7552
13728
192
180
22032
43488
884
10224
13884
19672
928
1032
23512
6560
2652
25920
22032
9792
26304
40
23648
19200
28800
928
25248
8280
12800
4520
15080
27648
12000
45144
21420
29000
5420
12672
29952
6688
28512
6960
2016
5184
19500
640
14400
21420
31824
16200
3744
448
13680
23112
35112
17920
320
37284
36168
24192
39096
14976
22896
18360
15768
8304
17472
16800
39238
11232
4096
35872
21344
14784
6280
4560
11200
28000
27504
25522
960
32368
38016
18048
25088
26208
11830
38240
15120
9968
24320
11556
44160
14640
46656
31320
29338
27808
15468
12240
27216
25088
10080
36960
9216
21456
21440
96
4308
30240
37504
16704
22464
16632
3192
3048
2952
15552
1760
26960
23296
15360
46656
1800
37344
3120
28160
24840
34512
13056
4368
24576
10080
17136
11520
42922
2304
17280
40832
13560
19584
33264
26208
384
12000
5568
2304
24384
27360
5696
11520
24528
12
11664
29160
37392
25056
28416
23760
18688
9072
5230
14256
39568
34318
9720
21732
928
8856
20736
14784
4800
30264
22680
13376
11520
34384
21780
1584
18720
19968
25918
12096
21328
5256
21600
29040
256
14952
19584
29304
12
21440
12288
552
38880
1168
18144
22800
21024
23040
16800
28840
20240
3600
7344
22368
2952
17280
37440
20480
13824
14352
18072
16320
21896
5504
14952
30780
30888
11448
25760
6784
10496
16704
7728
5120
12000
44632
2688
6912
37760
34272
1080
16128
1728
6144
16640
15920
9216
7776
13272
42084
2856
21312
18120
35856
6880
6264
36000
11016
23612
32000
17496
4080
5536
35880
19552
33536
33696
25584
648
17280
14400
1728
7200
39088
17520
28968
5632
21200
3312
29360
18944
15440
22400
8352
19092
996
26688
8240
13248
16896
6144
8064
30240
10296
30720
5600
10496
21680
36624
21216
35830
16080
11808
624
31150
4608
34992
29440
1740
2592
13824
40852
17160
17496
14112
35040
20736
10320
11120
10752
38520
21252
15864
18480
2160
26112
34560
14256
22152
1184
31640
10680
42408
22176
23436
14880
2400
5184
19920
4320
29722
5760
10090
4116
24960
44208
9264
28296
18792
20520
952
6804
10800
31632
5616
21120
18840
10496
5280
31872
12328
8928
19500
16512
13864
46642
3232
20584
19272
33924
32400
1296
2880
6048
12096
7920
20352
26532
22784
22464
27960
3456
13728
14052
43632
25344
32640
14352
23760
4608
25932
24024
18400
8364
2272
924
11088
4048
28788
20736
2144
24944
1872
7560
2436
25798
16640
15912
28018
25642
14400
11040
24704
28128
20064
26064
14880
28860
11088
10800
48384
72
25776
20160
10584
7728
37584
25024
8784
20416
25440
26016
14912
23760
2392
31080
21384
33396
13680
8640
14016
864
21672
17040
6272
17472
8640
18144
8960
26880
5120
13440
3600
9744
16882
26832
23688
12900
15552
4032
4520
4920
25664
31680
7920
32760
19104
31640
21168
7812
6528
144
14400
5600
18000
31018
27852
2176
13248
5120
256
25824
27456
4212
7642
6040
31584
33600
23760
15232
3000
4608
31200
28800
7690
6144
64
31440
12880
15680
7680
43176
26064
19712
2952
28860
21088
420
20736
7176
5200
30240
5568
320
3080
18720
13728
7560
28312
7368
24576
28704
18264
33536
3900
16896
5256
2844
19104
15552
40224
9920
22528
43008
5280
19008
18144
30384
23984
5120
7680
600
4980
13296
5280
10752
4496
31680
18400
35872
13344
34560
16704
30780
17280
682
33712
43660
4452
28512
22680
264
31104
16728
2400
8424
768
15504
7296
27216
1080
31680
4160
3808
9936
18720
41398
14352
25072
12000
13680
29160
15872
10520
18240
6240
10752
23760
9856
18400
10368
660
45056
16728
20160
2240
30528
18336
17792
11664
32240
30888
7424
27216
15144
28312
17280
4736
11520
13920
22400
38880
4160
14520
7488
6528
27816
28704
29720
48384
21600
25798
6208
17088
7616
24960
21384
4664
24640
21120
20220
19032
20736
44500
11488
2208
34512
4176
6288
280
19536
4928
5280
45640
37440
14928
4488
40192
11232
3984
544
8832
15264
10252
21488
34768
4800
27200
12480
21600
23280
30816
11432
11052
936
28080
19584
36204
5936
37440
49558
22400
7056
4272
29568
13680
34848
23616
11052
14664
9600
7968
45552
416
24160
24212
4800
34256
32464
18864
38544
9152
26892
8592
37212
26208
4464
19952
38880
24000
14352
26136
13248
38872
5520
10432
9360
13048
9120
22844
49680
26960
44352
29808
31200
23368
29160
7680
27216
15840
44760
24408
7032
16896
35376
1296
26878
528
35290
17520
15984
6144
17820
8448
480
40128
31620
13632
9408
6480
7884
16008
4032
15360
8000
10044
9632
6720
29722
4032
47512
24288
25524
3712
34882
19812
8640
12672
27456
4896
20160
29808
21120
16800
30688
22464
28672
25536
11520
46848
2016
26880
8640
10632
11520
22752
34692
22288
884
30624
22080
8892
12800
27764
17920
4080
15168
33156
28800
18144
16356
39084
7284
29664
9000
14336
40080
45120
5904
11088
5312
15952
8784
26124
4
32208
10368
34560
28018
20592
15456
20864
40200
3672
22104
13104
15360
4584
32530
10720
34880
5952
6496
6672
13664
21216
42024
10976
144
2458
41796
4480
39088
4776
32512
24960
19200
19584
22080
19440
13152
15160
3560
16980
22464
26532
3048
11470
368
31416
23760
2
9600
3456
11072
24000
3456
8976
9600
4752
13920
10708
18730
7240
10320
23112
7872
23040
4800
888
3360
36352
26688
14616
16800
7200
9092
13824
26208
17144
21856
35376
19680
6112
2592
36
8280
8640
17920
29232
14976
20160
6232
6132
7920
26000
24960
21912
8640
45840
29184
21600
31104
17920
4560
2560
2688
33568
39970
41760
19968
34630
21120
5376
1728
24000
9888
11160
8432
47520
11992
720
23040
12656
3984
18240
7856
31364
13440
23744
46656
13356
11840
28896
28820
24576
5376
46620
21120
6720
2720
4896
8824
47040
18324
10400
46592
20800
34336
20792
28100
6180
15280
44096
17952
32560
27384
40840
20160
30224
27384
1
3840
7680
44632
11040
1450
6720
12288
49536
19200
18432
4320
1296
24936
19872
14840
14256
22596
10680
6400
13824
12000
34944
16260
9320
14784
3372
10296
11556
432
1848
14976
19712
11208
11616
17088
17664
31968
2632
17968
40342
21312
36922
29320
14208
25280
21802
2844
6720
23520
10208
36276
9984
9720
9120
40200
32384
33924
3132
21178
37392
5424
37728
11988
24192
14016
6240
14488
14976
12800
4452
10224
11580
28416
7992
31440
26112
45952
1228
29720
31318
15648
27504
8856
23936
12672
1840
30720
3948
7176
28584
3328
29532
14784
12000
10040
1728
27216
19200
29844
14784
24960
47472
31104
44520
12144
38016
28032
10520
3168
25200
5120
19008
27720
30000
45178
12288
31632
1888
19200
6912
20064
36984
38704
5760
14256
6228
9352
9200
2640
30240
43776
3000
2880
1304
7056
25488
30720
1056
15922
768
35280
26312
192
35424
11698
3712
1056
7056
7872
27320
11520
1584
20960
14080
11352
31200
26432
22944
22992
26560
48984
23136
4480
3840
31032
21892
2880
39032
17920
19212
2400
19440
1344
2176
12800
22176
19712
18432
39550
26232
13920
20392
30072
212
34848
18000
4800
32932
7920
27216
20672
10312
14784
528
27144
13920
34512
30900
7440
16896
11520
11368
4032
18072
26880
21888
10560
336
11232
2144
27840
27504
20376
38640
38784
15360
6844
612
8640
34272
44604
3300
4608
19224
14664
24192
40680
1120
44772
9376
16896
14784
34400
41544
1344
30816
20736
8856
17424
9120
24288
30240
2784
12672
27712
21888
5040
768
8052
31472
19872
14152
49480
31320
46228
8600
36000
4536
22208
25440
34992
10880
5376
23400
13680
13320
6336
2880
27200
5376
19728
14080
47500
18864
3360
19664
30228
12100
31640
9216
31488
16440
20304
38880
34560
37200
20240
43648
30240
12928
34560
34560
15744
3072
15680
6612
22560
490
20160
23112
4272
5760
10496
16464
46512
10880
4942
2112
21120
5808
18924
43360
46176
1600
1440
28212
1920
25200
14288
880
1188
23916
3328
23040
28020
21504
4080
18802
42528
30600
2880
13440
6232
14400
22272
14152
1728
880
18232
442
12288
1222
2880
10608
2304
16930
7176
5832
2800
1600
10800
18400
26364
13248
15552
17280
24238
42192
936
20628
19200
12000
48048
6048
27136
2880
22920
41976
5710
4592
5760
19872
4320
10880
2640
15144
22644
28152
36440
2062
15840
26112
20160
19660
20368
4704
1392
6048
1440
3168
26640
42968
22464
624
8136
19488
3408
20448
19680
22764
4608
880
8640
12576
13824
27456
26880
6912
10368
3552
18264
2064
20520
6048
23664
7480
13920
25964
16300
23904
2880
5408
40032
43056
19968
5902
31680
17920
6100
24640
11528
7488
41620
15840
130
20016
13224
60
7032
24960
15708
36720
2304
2400
10512
25848
6400
42300
41064
28256
25696
4368
6768
25368
1440
18400
46116
1200
19968
1344
25344
25524
15552
23680
11520
14080
16632
5040
22536
32012
35840
5040
17664
1056
5952
30888
3358
31968
5352
25920
24640
28080
10648
4200
28680
20920
1452
24960
28480
25798
26928
22880
25944
17400
21120
10080
5760
19968
17736
528
18792
21952
18772
7920
20480
18432
13344
47188
16128
18432
2496
13824
28104
12920
19968
26304
2952
36432
8640
1120
29640
11232
23040
16520
5520
30670
34836
11392
9864
11088
22896
43368
39600
2688
12800
1656
760
5376
6440
29472
2268
8064
15840
19968
552
12552
25920
11088
11088
23904
26700
34720
15600
29338
21228
22080
10560
14328
20692
32640
36000
11520
24528
2112
23744
23160
3600
46640
28600
11180
28656
1600
31200
19008
40656
3456
43392
29480
22080
16704
36240
11232
13608
14688
9292
960
7360
19008
21600
25032
24000
9360
12992
36800
30960
2872
13648
264
1848
9360
16800
31936
9216
23712
16560
10800
23760
24480
7200
21560
3456
2176
13404
24864
16896
24288
34560
25920
5184
8640
32280
4640
192
10312
28032
18144
14016
8832
20160
19136
22520
12240
47196
8496
576
24336
22080
7884
15922
3024
25320
27984
21382
12704
12480
4608
3552
17472
2844
28992
20736
12288
17280
3812
30720
19008
624
14112
1728
30384
6912
52
12528
10920
6696
27600
42400
10080
42400
13248
20648
36960
2592
5002
17280
23648
5760
14904
6404
18400
14016
13056
37840
2952
15648
24312
34640
24192
8424
28416
29040
19152
40920
1584
1920
13376
41472
30560
26928
34992
14400
10752
31568
36396
27900
15312
22488
3680
7320
3520
44688
23676
35098
400
21696
14080
32760
21696
5400
19008
14688
30720
2652
17120
6816
4752
7548
5520
10560
1520
5632
46592
28416
5088
33792
19872
29120
33480
31200
32256
32920
3132
27300
27224
3760
25860
12480
2952
8312
26240
27384
3324
16128
22464
33264
1600
11520
6648
16620
23328
12720
27768
2064
19200
37440
30960
8896
25920
23112
10560
23184
768
24480
7424
31536
19080
29232
9984
31416
11472
5040
18432
22032
39084
22080
14256
37440
13200
37840
14368
8208
11200
1500
16024
19200
1848
16632
8280
24288
18656
30528
23904
16000
15840
320
24640
4608
5280
3920
13328
25404
7920
4536
5600
9048
12960
19440
10800
29520
15456
33120
480
6560
3528
27048
8064
12992
16224
25344
12432
47912
10824
1680
36900
34500
9072
24192
37840
16320
26352
17472
9432
8184
23520
18560
27900
4608
10608
552
1872
2592
2448
2720
8160
6240
30328
24128
23904
10008
6144
3232
22132
17120
7150
12240
17280
21504
27456
17680
6528
24960
11376
18480
13404
12588
3360
27000
22176
18576
29520
18432
37224
2752
3648
4608
24552
1040
41976
4536
16892
9984
15552
336
4128
25200
13696
26136
19320
16000
12672
20
11840
43200
21696
35100
9972
36040
31812
4608
13856
35904
30240
14520
6080
1584
23904
32368
8064
3060
9408
26568
25200
25056
3828
39232
408
34304
26872
27648
11160
5760
41728
1560
13056
17352
2480
30448
15776
864
27648
5688
4368
28800
21504
20540
32472
31872
21600
22944
6072
256
19008
28800
3456
43712
38890
4000
39424
14080
25920
7776
1536
1544
11616
20160
23040
17448
12384
7690
17200
20392
19260
480
18400
22016
21156
25600
9360
12264
9600
33204
6912
25920
17408
20604
28860
25696
24624
32436
13344
384
1440
18432
2902
21384
10920
27248
25116
21888
6744
10080
28512
40872
8800
7920
10548
1072
168
23568
11232
25932
27580
41608
21504
14976
20820
18200
5100
21600
15120
24000
24508
25272
17400
30912
37632
27840
34400
13200
264
3920
26816
30688
6912
2968
33600
15360
3352
3084
26376
17280
15456
13664
23520
21024
30920
552
3888
8064
24000
42718
2140
5760
27456
19512
9144
30240
28512
3456
4704
32768
16048
23760
16960
25344
5376
9600
13664
19200
33808
13618
5760
16800
32436
36352
3212
3360
30720
18480
17640
22848
27538
18368
5040
21088
14520
13408
7168
6480
29376
12992
30780
16320
21024
13920
3552
2844
3412
26752
18240
200
7776
41796
25860
14320
32048
30060
17664
360
12344
3072
36760
42432
34824
5000
31548
14128
33536
6400
21120
18696
25920
28080
12960
41760
25600
21780
39744
30388
16800
19120
20680
29808
25560
10496
18840
12888
9936
2400
21216
25856
19008
12992
7584
9504
24528
24024
36192
12960
1880
35932
15408
6624
28296
19008
5152
5328
27904
2392
20
10752
41472
29400
22258
14400
10560
43632
26064
39312
9000
17984
22080
23664
7200
480
8820
4016
2568
3020
23484
10800
2376
4480
16128
32380
8780
26160
38412
27216
2600
1312
17352
29160
24000
45696
17280
9058
42504
12000
2880
14700
7680
4784
2816
17280
7348
17980
35640
15360
18864
22784
29568
25920
3840
17920
33808
13968
19360
26880
18144
44292
28800
864
40558
33184
42432
7968
2544
2760
32016
16704
18920
14136
14400
37296
80
41676
17182
39552
16704
9792
31248
18096
12800
42312
10512
1500
11952
7348
528
3904
2120
38220
3240
25488
33792
15732
12480
27248
31728
15272
6528
2880
20240
27504
2304
30720
936
22392
30960
23652
26736
26680
10000
4664
15480
26384
12720
760
3084
16896
3644
6322
8208
15404
11904
33048
41064
27648
960
18816
44640
13284
1280
44184
16044
5892
35280
10368
25344
39442
4016
17728
31812
20248
1872
6480
7056
18816
11664
10368
10752
26124
22248
24960
9744
42610
38568
15160
22964
400
2144
30232
16104
5040
21920
43776
9072
30720
13648
12088
43392
26952
7248
29088
3552
14336
28464
28820
4572
17280
2448
16632
7822
23760
17760
31680
32784
11088
384
33622
14688
2240
27840
5352
16704
19440
1510
31752
39200
12800
11232
31360
5120
25344
21760
21168
9408
36992
5616
23040
19560
14080
10752
26352
18744
18944
16528
16240
13840
16800
14640
28224
42000
12400
880
13376
6480
1920
12480
2962
23232
24000
1120
3528
21440
25344
34416
3024
18696
1680
27396
9720
23744
4608
6312
7656
5080
22032
29988
16200
14672
16784
18432
14700
21120
15552
44704
3024
30600
12144
6612
27072
13840
19728
2880
11264
8640
9504
23664
10120
7872
17920
17664
7224
48130
24192
20944
13200
18336
27478
30976
5744
1312
17136
23040
43344
9120
40800
32016
8400
13760
17578
12600
2048
21504
18720
16000
18772
30240
13248
28320
22432
6300
13764
19968
4752
16064
15160
12096
6000
30576
16320
17520
39072
7776
10860
1296
29640
11088
1152
46642
1080
26772
18128
3888
19032
12000
2208
5520
7680
22464
25888
560
18400
7020
30368
5398
15840
6264
30624
1632
10368
10116
15552
26880
26240
16
16384
4960
18128
42240
11328
24192
26364
1680
29120
11640
19296
48028
13440
7128
26360
9432
9864
16848
22288
4416
28224
18920
31920
17184
24288
1872
48424
13440
29376
22176
17664
6912
6144
20080
8640
32000
6200
24752
4608
1800
8064
21600
9216
34948
1872
4692
4992
10080
31512
26568
19584
18048
32768
5184
4480
18720
25116
10368
2548
9036
3808
39238
27200
13440
5376
25600
19584
19660
27360
16576
23744
7160
11328
7872
5240
17280
17784
12896
624
12648
8064
26760
39600
2592
9328
12528
32016
23328
38640
22896
1008
4320
14880
200
34272
25920
44240
6480
19440
4160
26784
4016
23720
17938
24480
26640
1440
336
7240
2760
31236
20736
39456
19536
36084
5904
5760
10752
9000
10368
4968
16440
19008
46592
16768
11600
38400
34992
38352
19162
38016
26432
21504
23664
8740
13440
17160
9600
19800
21312
11684
11888
26500
15360
5536
16368
32012
14688
6996
6404
24192
26208
34740
16160
24288
7344
41704
27792
720
32832
2880
5398
20160
4956
36672
26400
21600
19440
6612
14976
17424
37512
42552
10368
12576
960
23408
19320
24000
1440
18400
37572
30816
33144
12684
14532
7200
12800
11520
13724
8736
20938
14400
44110
19200
21536
24360
33772
6960
3840
8304
3528
24192
2080
17376
16520
8960
21824
45024
4752
19008
42000
3360
21312
20240
12240
13312
18480
37990
26700
5712
5616
12790
336
2760
3936
15168
3802
1632
5808
6912
13000
7680
12104
19224
400
33552
8064
32000
144
16224
24960
27136
33264
14400
21168
2640
28800
28020
2240
20520
31104
8232
996
3300
13440
17664
144
20040
14460
13584
192
46400
31592
18696
22400
240
16896
416
27136
22852
17664
32304
17040
11704
9520
10368
26112
13608
34320
21912
5184
32760
704
8064
8700
28800
27648
12288
13104
8280
25680
14400
13344
38240
28632
4400
5264
14592
3644
640
27792
30984
31968
28760
5760
11360
5464
576
31584
9000
35424
4496
8400
21504
21504
22480
36288
19584
7920
16024
21888
10080
34272
8320
6784
18864
19200
12288
1416
45056
16544
2688
38232
23280
44352
9600
3096
4912
10548
7776
17472
13840
10480
40960
12672
440
18984
13104
21232
33408
26084
22464
16704
19512
29808
17952
15296
34440
9418
37848
33396
3424
2844
31680
37632
3564
5532
1498
6880
34384
9216
26400
6804
40680
21888
37824
5832
8820
7040
29220
10336
6720
24192
31512
42130
16800
15648
26592
27712
2140
17152
7320
4096
14616
9600
2240
27982
16520
15064
1120
14676
33600
24192
19812
37212
24320
27192
3808
2096
35856
4560
18480
12928
38400
12000
3200
27520
16090
26880
3680
8960
8640
19712
21600
1320
31152
16560
17280
19008
49524
40800
6048
22080
33920
28224
49000
8184
17760
6000
27200
15552
15552
2520
32256
12960
25584
7872
8576
8096
6264
19872
35952
24588
10368
10752
21456
23560
10368
17664
10240
23040
18924
29482
19200
14352
13104
15912
33040
5184
28480
18688
39144
18432
30720
1584
11648
27920
11448
15264
4124
26112
4320
190
12120
33120
29348
11712
12928
25088
6300
39064
12672
37512
16896
2304
10368
5292
43120
10880
26364
29720
480
19488
39984
29120
21600
3802
25344
2772
37440
7416
19664
9300
7728
17280
6784
3192
29472
18712
10680
7616
10080
21504
8320
648
48972
18432
6336
1728
29256
28160
11360
24960
13200
2652
2062
1680
5700
23520
14112
7968
2320
10240
16320
24648
18816
33312
26912
37212
8000
3592
16800
24288
504
15552
41960
10162
12328
7344
13920
17280
8320
18240
16896
19200
45696
20160
1452
3240
27840
17952
27648
2496
25088
4320
25056
22704
33680
16896
33768
16090
48730
6560
11520
52
42872
18312
13728
12800
24000
38364
35640
8112
29362
27440
21312
23296
5544
39480
42816
5720
18240
17376
12176
13248
46536
11120
11244
276
5480
8960
15840
17208
15600
1760
11232
15552
32400
28068
21120
19672
22560
37584
920
33568
18808
31152
21700
1200
7032
28188
10640
37928
11400
33120
19464
13968
23436
23760
15360
21560
10960
5278
13840
23496
5440
31160
23760
29568
24800
22784
25728
22272
22048
36480
18000
8808
47608
7056
14400
3520
42130
960
6528
9216
592
39984
37618
24508
21920
6912
20440
2016
10368
36984
1248
15552
22112
17136
27808
32448
7968
21344
16800
4320
13764
9720
23256
25200
27048
8424
22560
20852
9280
2880
44110
27538
38400
31812
2160
27120
7616
36288
34320
31318
19944
3536
13824
19272
23552
13760
3120
7200
5056
43680
8640
40960
8592
5472
22944
600
20344
17040
22112
120
23472
25920
23904
576
29440
29952
2064
27136
20736
7280
36768
12240
10304
15360
26400
2240
30000
6588
8748
11856
4224
26400
19584
28018
2384
6562
41472
25228
25080
18720
25600
28896
25600
8448
23232
16544
7560
25920
6624
43620
11016
9032
19728
23852
31640
15712
660
348
24960
15552
14688
11040
15480
3320
25680
26880
10272
48352
9600
8600
24000
4584
9152
22528
11040
6232
24128
25632
9264
22992
19200
36628
25200
13056
13760
40822
11328
27456
37800
20920
8208
16320
19872
39064
14544
40320
16512
30336
42718
38880
6272
27072
2520
11520
11232
20160
36876
5184
19008
4056
20736
35264
2016
27360
16640
26244
22464
6516
25798
16640
18984
31360
2816
19116
27600
19440
12000
11520
16128
14400
19040
4224
17784
16608
19136
35840
21760
24610
2880
22656
42756
4372
18924
40992
3552
10320
32448
36000
16384
25032
16192
8960
14520
29832
40920
6720
13608
18552
35496
4640
9408
11988
19320
38472
3168
9720
32936
2640
25760
1440
22944
34320
11232
12744
25344
23136
37440
43104
18144
24552
12528
8800
832
2902
5440
4372
14640
31328
27048
11456
7680
2400
31680
42424
2016
1200
5760
612
14532
5520
13762
8272
3360
35904
15680
13520
31318
30744
19200
18560
20160
36288
37224
14256
6480
1408
29120
11520
2752
13440
2904
8960
29072
38016
7440
8052
6912
28416
16128
21696
400
23112
26840
7680
36024
31572
25920
37212
20736
3888
6144
2640
14352
4320
18120
27048
16896
18480
11272
25632
13900
32380
3538
9216
17664
23172
27392
4368
3240
9184
37920
9600
9912
42480
18304
4320
15840
14400
6490
22656
1008
10368
19512
8064
27216
15408
5760
16800
448
19008
7776
14080
10928
17280
26048
9312
3600
34272
13440
18816
11760
17290
32768
22680
7392
41920
38400
6720
15984
2652
23808
12000
36720
15408
30600
23184
1440
7680
17888
3552
2576
30912
28960
29232
16552
22464
2880
23408
44244
22464
11592
8662
3212
20424
41040
23160
14360
38448
5060
20640
7296
36624
30576
464
28800
25920
26560
38344
6000
1364
2640
23232
192
46592
9360
18144
2172
18528
23936
28600
8232
48600
13248
32008
20736
14336
17436
3888
12960
26448
6368
28224
21912
47600
384
13248
26688
28480
8950
9220
6560
25032
23512
4320
22968
6072
49432
26028
30448
16440
30336
3000
23908
15802
38640
6000
38400
7488
19800
32436
49408
3024
31680
30400
1920
33792
22680
3120
27072
34128
15432
48730
13248
6720
16224
1008
17856
13776
23904
9860
43080
40464
21672
28512
17980
11200
2496
14904
29808
31248
12800
30024
1152
9720
1072
3280
7776
19872
14464
13344
19224
1728
12202
3024
10648
22880
18216
3048
4640
22144
12720
2592
13200
2544
27072
45784
28512
1900
26960
24872
32760
4048
21672
1320
22040
46112
17016
300
17280
6112
12288
6612
9058
22944
13344
30896
21344
34596
29184
3456
5400
9504
14080
18656
21120
15600
34016
17280
22528
26040
11088
30408
20160
5184
7524
21220
2768
20088
13608
16896
112
328
1008
6176
21888
9240
312
29000
9864
19968
4018
33712
10480
27384
16128
10080
204
18000
26520
29160
1600
11960
33120
162
10800
1740
14976
25344
25632
4560
21636
34560
15648
33408
5184
16320
1728
10816
12864
16704
14748
24360
6624
25776
4288
3168
4896
8064
30322
8576
6288
41580
20160
8064
2592
528
16320
31360
1102
15232
5424
33432
19776
23040
19708
26208
7560
28296
10304
23328
7800
27648
5376
25696
27648
14912
44184
3456
4608
37870
20604
12432
21120
36
49432
11792
5376
22800
2592
11938
2640
21648
4704
16632
8544
20220
17296
45024
9984
41960
25760
43176
37380
3200
25464
24312
31536
26280
40320
2592
38220
19440
19664
36432
19632
34944
9072
2712
8400
15120
27132
14688
2400
30408
11170
35640
11664
720
22048
36672
32280
18808
26040
23040
22464
23680
27728
23232
28416
23328
1582
14400
14784
712
33768
2736
29232
38144
11520
10168
12480
33240
960
37032
35856
8820
20416
18368
14160
21024
11792
15360
4056
11520
15480
8856
720
7200
11328
35424
2376
25476
17600
26924
25524
10560
31360
11808
16368
25632
3648
864
13824
5400
5772
18264
21276
100
49744
816
25704
9776
23000
6624
44800
6336
16160
4272
22400
240
48576
768
26364
25200
42240
21200
11424
720
2496
21600
13248
6048
4560
18924
29304
8640
32016
3022
23040
42552
9592
13920
15552
4056
15404
14976
28570
520
21804
14052
960
42000
23172
17280
43776
12416
8064
8704
21168
22320
3680
10932
4776
26110
39456
25824
1728
30592
3490
28560
3620
19488
3888
16704
40992
28512
6720
17728
44728
3808
2376
4176
1536
19872
5160
31344
7760
29568
12600
192
21120
30912
15680
29568
9600
10928
35200
14256
17408
6048
8976
34440
2698
22288
12744
704
10752
38016
18992
17280
3200
30528
41664
18000
28432
1008
22016
5472
1072
9984
6324
21312
1856
37968
34824
17280
16632
144
8064
6048
5760
29160
40896
13048
9840
18816
14784
30432
21600
5856
29452
28800
1680
21984
21248
29616
35844
11008
864
20880
24640
17400
11520
27456
19944
18864
8960
1856
17376
17856
21012
28112
24160
26304
10368
2240
3240
47512
7728
4480
10880
25344
2288
13248
9144
35952
23880
1810
9370
24000
37440
39900
16560
29032
18048
27216
6528
712
7728
23296
29568
35464
37376
10656
12264
19776
21120
31150
11652
44400
25696
46392
36984
2000
12000
12684
44960
22152
22896
16552
13152
20736
4656
38400
7800
43680
3088
27680
4608
14000
24192
920
2496
21704
24960
20008
2304
16896
19440
23136
24552
13536
42922
11200
37152
30850
20720
28480
4032
16032
11264
32768
7040
23744
28800
28020
30012
27720
8688
82
5292
160
1452
21804
22112
45696
8640
552
13884
1176
25280
26880
25912
23112
13416
14400
17280
8640
15912
28020
31200
41398
23724
4224
38872
3720
24000
17856
3240
3996
24288
11112
11328
32760
30240
7680
42312
15120
15296
6984
19992
33568
6912
7040
28736
36240
42048
17280
16320
17920
12472
6912
14148
26904
33568
14680
8064
33712
3448
14488
1632
35100
39400
25464
32580
47912
31580
15120
14256
22248
29280
16
17578
15824
13404
4608
7080
18232
22680
42610
512
40040
12848
14960
23568
3744
39072
3320
1200
7344
27900
2576
2656
13824
41040
1040
24440
46112
20800
3312
29640
31040
2640
528
7560
24000
5120
28788
5600
44280
17628
7956
38772
25344
29640
41376
7488
6272
6168
18264
13760
22400
44878
17280
23276
21440
28080
3744
1080
15360
12096
30240
15280
39900
46536
17280
10496
9192
28642
31680
5832
5328
8280
9200
14208
14112
4712
30228
26890
9936
27984
9120
5904
15648
1968
176
24012
3060
18130
14336
30408
28896
17600
6656
28224
30304
5904
18442
47278
35880
6912
7368
3456
16896
32448
34848
4128
28412
28320
25632
10740
20480
5940
23760
8112
22880
37296
35520
29120
12816
29832
18368
10560
18000
28632
30000
1304
8592
15648
160
6912
47796
19660
7056
31680
4792
12832
3168
4560
6322
3358
31584
23240
12900
19488
5944
25984
27680
9216
33052
4016
288
2160
31872
15136
5280
31672
34252
19464
21216
22896
24408
16320
12800
5000
10368
18816
17472
16528
44736
28560
29482
19360
40264
4048
17808
5136
5888
7844
13520
29064
13960
34272
9072
3168
8640
12516
36
2400
960
14784
264
25920
4896
16704
3920
14768
6656
38016
14784
9072
22248
46592
7296
28416
9864
33792
22080
13760
39168
11040
25760
16704
12144
2304
28800
34384
14976
10
212
31512
14784
480
22512
17472
16896
800
22480
33280
24528
21488
10120
17920
30624
29640
15552
7200
15400
19008
3778
25600
1500
48672
8052
29530
2688
5536
14784
22032
4320
15444
29592
28800
8960
15912
21504
6272
18944
9000
4056
23040
9280
21120
14520
15400
17938
7128
28800
29376
28224
4736
12480
6264
4800
39456
36720
12288
4308
16356
15384
25702
21912
10432
21610
13200
37632
12144
24192
15168
29664
43208
12240
6936
21536
4608
15312
1680
24960
23184
1030
21120
29440
36790
4032
1510
21888
27648
24320
648
13056
5112
26400
7200
8064
1704
38704
11136
21056
23040
5808
11760
19520
31680
14784
15120
4272
7776
27440
2
4536
32256
23760
48760
22560
29992
7488
17040
2016
540
24840
24800
4064
10080
4480
19008
20304
3888
11344
5760
33696
18080
17808
37728
11904
15540
6720
38860
22560
5760
38872
49744
2304
35840
48478
31844
20064
10368
23328
32768
18040
13752
41760
17496
26560
49680
20664
36444
16090
18400
31632
7648
14112
18720
1392
25920
11600
12928
24000
6624
28164
288
17920
43200
32480
28000
3552
43660
384
26496
3324
31008
27456
44256
9200
22176
3328
292
17856
21600
37520
18204
36
23000
9120
8252
18816
30800
27648
30480
4600
38458
31680
24288
36190
37440
4372
3802
39032
14784
47772
2400
1440
25056
2256
26400
21984
4960
23328
30072
31760
38364
26272
7140
8000
31200
19968
6120
27984
10080
5604
49504
5952
1512
19008
2880
8736
36400
10528
8400
15072
17580
16288
17240
6528
16728
3084
21568
33920
45552
38016
1452
32580
16800
7464
9478
9568
18792
20316
7488
8640
23676
4896
26816
42624
45592
33104
3622
22272
8400
9504
11904
25088
39408
2652
12544
16560
16256
1344
24288
9120
1536
26280
7360
14280
3240
21120
17280
19200
4032
4160
10168
24192
19480
888
37884
22464
43648
4592
22176
12344
20592
12432
16104
28956
19750
19440
3456
32256
49192
29440
14304
2288
21840
17088
19200
22848
11908
17064
25088
19152
18720
8448
14784
17088
14784
18144
14160
15136
33120
1920
1760
11016
16384
10368
52
1920
9840
17640
2400
15664
10528
13104
19800
168
7856
11200
22464
19872
46536
28408
14256
25632
16884
6550
12416
33720
36082
26112
10880
12960
2400
19224
1376
38668
41856
1752
43032
10496
21418
5520
25200
44220
18360
16384
40320
6550
600
2520
27648
3840
6280
12960
1760
15120
15264
19584
15360
20352
31320
31968
2880
624
5760
4664
21488
8184
13820
30960
16896
3072
4584
29904
1632
178
15936
5120
12672
25464
19328
19992
38784
24960
1584
7042
8688
24192
46944
21000
12600
43344
21888
23940
24000
32292
24000
24960
16056
12672
28224
14608
16272
8110
10560
25500
12240
40320
1200
432
16224
24192
16632
16080
5120
25728
26340
29568
18576
20736
14560
1056
26112
1120
31824
26244
10120
29000
36562
24300
3744
25872
21610
20976
8384
33536
22360
33600
26352
16128
45168
29872
2508
12384
9072
12996
9792
1724
5160
46512
3360
14400
96
32768
30240
40608
38722
8448
31512
24864
8352
46368
26880
32016
22032
39096
28512
11600
27360
11984
18144
30388
7680
4032
13200
15840
32676
14208
43080
34256
28416
8104
16320
25920
5904
17436
28704
32472
41496
18144
28736
1856
37800
17352
29304
22308
11592
15600
336
11520
1760
3080
22272
11968
14128
19728
6336
3520
3984
15040
5904
48
14256
27276
40768
27792
12544
35776
41760
7056
40240
20160
24768
28000
19488
7488
9072
1416
23040
16416
10800
21600
44720
23568
16512
11392
1920
41602
24000
19008
12160
4680
15120
29184
6864
21288
24576
19800
13824
156
5040
9072
22080
22176
32724
21120
1344
21248
38332
5168
6864
6936
13104
12096
27648
30800
29808
12288
1120
41360
39200
16008
1056
13860
9504
9032
29536
12288
8740
11512
14592
9936
29256
21600
9120
23040
7200
24696
15840
3600
24960
17280
22750
3144
17208
20592
4080
13200
43200
12960
18340
18400
20160
20160
2560
16920
4
6144
26208
12960
27192
19120
21488
24312
10460
6912
20640
19440
360
7776
31968
20736
11960
22270
46702
368
9120
7168
16632
10812
41704
35856
4992
20680
17496
18144
9856
28284
25840
9216
12012
19600
24000
13680
8184
10920
18688
47912
5944
22176
16128
3144
15360
5120
27456
32760
4704
7920
5184
34608
14688
1288
27600
27264
38220
16512
13968
17472
11760
5280
17920
32768
21264
22272
9504
3424
9840
27072
5184
18720
32936
760
13824
20792
3600
26496
3840
15268
4872
14496
1800
29952
23328
47112
24864
35916
13280
10208
2496
1728
22000
3084
28160
16192
44256
6048
20416
8312
6000
3528
31104
2268
10648
24480
17392
16552
12800
31248
43176
31150
20796
5808
18216
9000
14008
17120
13762
216
24000
20664
9420
24840
21840
13284
8892
33216
16368
10080
29520
36480
20592
48424
128
932
21216
25344
12800
15096
37376
19968
31592
17640
1200
26640
996
10648
864
17772
27864
2458
9628
45096
40040
4896
7040
14388
40896
27360
23484
2640
2240
18080
10560
9528
23040
1908
2048
6720
11520
1560
5184
11280
22680
4536
5376
25200
24120
21088
31920
7680
16440
8096
13464
13824
18312
23760
31552
12416
40320
45568
38860
21888
12800
2184
8064
19376
9720
23216
34320
33180
28980
864
28380
21680
16728
24912
17280
3808
8064
27580
16960
1044
384
17820
23552
19162
6912
38544
23040
6768
28800
46618
10772
23280
10
42000
3456
14496
11520
1512
16192
15680
4368
5472
4752
23040
552
9072
37136
15120
600
19680
17820
920
7680
10800
31920
24612
6900
25984
48
8064
24696
12544
30824
29640
17736
2940
17460
30816
14112
3248
15852
22680
7760
45598
9120
18048
16104
5376
2208
16128
1728
15680
22848
24108
2400
25476
4800
16800
15552
12900
29808
3360
192
3024
2240
19872
16200
43792
16128
24640
440
3520
14840
14144
7380
24480
3456
21840
528
13776
11520
7920
13848
7008
41580
13992
2244
13760
5544
16560
24900
4672
32472
31104
17376
2576
13248
2
32480
1968
41032
6444
12200
14328
38352
17280
7464
6112
23760
19584
19548
11160
160
5184
32496
42768
20160
16896
14400
2688
17220
14352
16224
6180
14400
2640
10920
24000
3358
10560
26496
3584
26928
18000
13488
29440
10320
45192
2240
49200
19040
29616
27904
15280
3392
9360
16128
38412
9516
7568
2844
23280
31328
30772
1
21600
23744
6624
8640
1438
29808
14256
6176
24640
704
47112
12704
6912
5600
11520
12960
31776
13724
3088
5184
15624
18144
2484
27648
1200
16208
22944
16896
24288
17520
26280
6096
12456
15384
12800
8064
9792
5804
24180
972
16880
17728
21804
49524
26880
13056
20796
31018
2880
36000
4224
22080
20520
16704
14400
28160
2112
11328
28776
33180
46624
27720
4056
17736
1872
22464
20480
12960
4792
13296
14880
22016
20224
8640
16704
9696
38344
9144
5796
2520
17472
7920
31416
8280
44112
20608
5120
1900
564
1856
768
4872
24960
14840
27992
35376
8040
20448
6552
27192
16160
47796
10224
1296
25344
5760
7872
25960
21096
32760
30432
3456
37840
24640
27648
43520
10798
28604
5040
14952
30672
21216
40500
40392
27276
35696
23760
7808
15504
9216
31604
252
7488
7680
2350
24192
23856
29482
12800
9864
9552
6400
26384
24128
27360
14320
33120
6612
9216
42000
46512
12144
18984
39776
6096
19440
24468
8736
16
4800
20904
38000
13608
24576
15520
17280
27396
5424
15628
10944
17280
23616
16048
16884
10432
14952
24960
4272
18816
14698
7056
29440
43248
3096
27840
12848
30864
10080
20592
23040
21840
672
45056
8556
22848
20436
47040
19184
18432
16224
13968
17440
12960
17280
37128
2376
14698
24024
4608
5760
7704
23004
4960
2904
26832
30780
12480
25440
12328
6588
22528
2120
22348
28032
11840
10752
2304
13824
7776
48384
720
13824
23088
20976
29832
17280
21120
1810
25600
7200
16632
47320
28800
34560
8480
23040
16992
15840
22464
6512
3660
11952
20580
24480
480
44820
9432
8400
26816
26400
20160
26208
13464
1728
24936
17920
96
18300
25920
25932
24688
9472
15552
26496
6744
27648
21440
2224
43224
27200
5120
424
1498
43560
30384
12672
3744
22816
31150
480
21216
6144
30800
14080
16008
25704
36382
16224
11504
15840
7040
10692
20624
720
5544
1008
26624
8040
3680
24576
21440
17440
32000
36360
21944
15680
8448
26784
19040
3904
31824
12156
13840
416
29872
1080
21456
12480
15840
12848
592
38720
30744
29160
31440
10416
44220
5710
24472
1104
432
18816
18840
2400
18144
6144
26120
480
8064
22656
5170
12432
25440
21200
8768
29338
28032
3456
9058
9048
28800
5328
17016
18000
3800
26928
22272
8640
32304
24640
9120
30240
600
4608
8892
26840
19872
4892
37800
5902
43392
47880
23008
39864
41676
42564
22464
23856
5184
2880
2592
3808
14400
25248
23160
31104
16024
37740
5712
1440
13440
16368
7224
24192
34392
21200
11392
27728
16464
7968
35520
35664
16160
10752
40320
16256
4992
21600
7176
21216
408
13280
18848
20064
6720
16656
37870
32256
21600
37840
31200
38040
33536
6160
19584
17664
240
7104
9504
36960
28188
4032
39900
12264
21384
30888
21504
33180
27936
4776
18240
22880
15680
24552
33540
8192
8012
22368
23232
27136
33000
1920
48
19584
12960
26532
7488
15768
2880
21920
18944
45696
31680
16848
12202
32472
16512
6480
4464
16896
18552
44604
14460
14256
16368
11232
19008
24384
3528
38722
29264
25056
24336
31360
17920
14040
20000
20320
2880
44016
16720
40920
35808
22596
11664
8304
28032
6120
38280
26040
24900
9936
32832
6780
39312
19712
41968
37440
37380
47362
13680
21600
40704
19008
22680
13440
11316
12576
3904
9504
19932
24336
9744
9040
12960
43008
27648
8052
10932
19932
10296
2128
1280
19080
17920
3408
5302
14080
30120
5002
23808
33924
43176
10656
10368
27600
29808
19800
4744
9360
10588
17520
1200
34560
26112
27840
42610
27840
7416
4048
16000
12960
19918
14448
1
37952
24192
10460
16960
15360
11520
8748
10880
17984
20960
26784
5600
38400
20352
13824
16800
1032
1920
19536
18240
5424
10560
36520
41242
16288
420
15072
3168
13856
848
9720
23720
24192
41960
17350
20248
11240
27216
768
4536
21912
7104
27982
30850
38016
2656
5600
6576
4848
41600
6072
13864
10880
2520
11424
21120
2016
172
13680
36360
768
29920
27200
39760
33600
5256
6912
11232
29988
23616
31858
26136
26816
5280
14616
35280
10832
31532
2592
36480
41496
10460
10152
5120
19888
29568
16116
35840
23424
28392
31128
28800
14720
13440
35880
18432
39238
6144
2916
22892
47232
28800
23760
34400
7296
8736
28224
19680
11680
4348
17952
8960
32016
2688
13500
12096
49416
26136
13320
2240
22844
7320
552
13824
34016
49888
7102
18144
13820
11360
28164
18772
8000
10208
12670
10560
37280
12010
11232
6528
9200
7800
13248
2704
6912
7176
21600
22848
8950
39984
17920
4496
8196
22176
31858
2880
37760
1200
20160
10400
