100 1 1
1 1000000000
1 804223053
1 934547089
1 161530667
2 181426560 532466628
2 773410014 938951584
2 997616688 102394355
2
381718678 17092167
2
924992467 900613666
2
532763140 453592730
2
969477074 274156473
2
393360386 520646032
2
623064569 490426445
3
315980220 952234956 135787917
3
117888933 886857126 739196020
3
355399584 241606740 533482058
3
649476849 391449295 814435773
3
779747379 889445710 264265804
3
159823263 123364033 789177485
3
472810416 681160925 694004565
3
344752146 162756692 488524144
3
785105652 225777197 134344874
3
845307364 929255967 781522617
3
523359595 147808431 633263950
3
680973310 863664645 359025935
3
794165263 717674395 535071978
3
41740264 359908327 358651270
3
273374272 219597613 782253797
3
635282956 138853796 650395518
3
489095311 860899985 619448155
3
388382260 82670030 964019690
3
473921390 996856662 146559165
3
313884722 803682030 66073306
3
264164579 80418246 628582022
3
901414388 751345150 609049290
3
168728306 892120762 570224008
3
276163430 59774992 62437370
3
702630650 421551137 324599994
3
194401121 548387300 655993057
3
77539715 783228584 367671626
100
1000000000 1000000000 1000000000 1000000000 1000000000 1000000000 1000000000 1000000000 1000000000 1000000000 1000000000 1000000000 1000000000 1000000000 1000000000 1000000000 1000000000 1000000000 1000000000 1000000000 1000000000 1000000000 1000000000 1000000000 1000000000 1000000000 1000000000 1000000000 1000000000 1000000000 1000000000 1000000000 1000000000 1000000000 1000000000 1000000000 1000000000 1000000000 1000000000 1000000000 1000000000 1000000000 1000000000 1000000000 1000000000 1000000000 1000000000 1000000000 1000000000 1000000000 1000000000 1000000000 1000000000 1000000000 1000000000 1000000000 1000000000 1000000000 1000000000 1000000000 1000000000 1000000000 1000000000 1000000000 1000000000 1000000000 1000000000 1000000000 1000000000 1000000000 1000000000 1000000000 1000000000 1000000000 1000000000 1000000000 1000000000 1000000000 1000000000 1000000000 1000000000 1000000000 1000000000 1000000000 1000000000 1000000000 1000000000 1000000000 1000000000 1000000000 1000000000 1000000000 1000000000 1000000000 1000000000 1000000000 1000000000 1000000000 1000000000 1000000000
99
1000000000 1000000000 1000000000 1000000000 1000000000 1000000000 1000000000 1000000000 1000000000 1000000000 1000000000 1000000000 1000000000 1000000000 1000000000 1000000000 1000000000 1000000000 1000000000 1000000000 1000000000 1000000000 1000000000 1000000000 1000000000 1000000000 1000000000 1000000000 1000000000 1000000000 1000000000 1000000000 1000000000 1000000000 1000000000 1000000000 1000000000 1000000000 1000000000 1000000000 1000000000 1000000000 1000000000 1000000000 1000000000 1000000000 1000000000 1000000000 1000000000 1000000000 1000000000 1000000000 1000000000 1000000000 1000000000 1000000000 1000000000 1000000000 1000000000 1000000000 1000000000 1000000000 1000000000 1000000000 1000000000 1000000000 1000000000 1000000000 1000000000 1000000000 1000000000 1000000000 1000000000 1000000000 1000000000 1000000000 1000000000 1000000000 1000000000 1000000000 1000000000 1000000000 1000000000 1000000000 1000000000 1000000000 1000000000 1000000000 1000000000 1000000000 1000000000 1000000000 1000000000 1000000000 1000000000 1000000000 1000000000 1000000000 1000000000
98
1000000000 1000000000 1000000000 1000000000 1000000000 1000000000 1000000000 1000000000 1000000000 1000000000 1000000000 1000000000 1000000000 1000000000 1000000000 1000000000 1000000000 1000000000 1000000000 1000000000 1000000000 1000000000 1000000000 1000000000 1000000000 1000000000 1000000000 1000000000 1000000000 1000000000 1000000000 1000000000 1000000000 1000000000 1000000000 1000000000 1000000000 1000000000 1000000000 1000000000 1000000000 1000000000 1000000000 1000000000 1000000000 1000000000 1000000000 1000000000 1000000000 1000000000 1000000000 1000000000 1000000000 1000000000 1000000000 1000000000 1000000000 1000000000 1000000000 1000000000 1000000000 1000000000 1000000000 1000000000 1000000000 1000000000 1000000000 1000000000 1000000000 1000000000 1000000000 1000000000 1000000000 1000000000 1000000000 1000000000 1000000000 1000000000 1000000000 1000000000 1000000000 1000000000 1000000000 1000000000 1000000000 1000000000 1000000000 1000000000 1000000000 1000000000 1000000000 1000000000 1000000000 1000000000 1000000000 1000000000 1000000000 1000000000
100
1 1 1 1 1 1 1 1 1 1 1 1 1 1 1 1 1 1 1 1 1 1 1 1 1 1 1 1 1 1 1 1 1 1 1 1 1 1 1 1 1 1 1 1 1 1 1 1 1 1 1 1 1 1 1 1 1 1 1 1 1 1 1 1 1 1 1 1 1 1 1 1 1 1 1 1 1 1 1 1 1 1 1 1 1 1 1 1 1 1 1 1 1 1 1 1 1 1 1 1
99
1 1 1 1 1 1 1 1 1 1 1 1 1 1 1 1 1 1 1 1 1 1 1 1 1 1 1 1 1 1 1 1 1 1 1 1 1 1 1 1 1 1 1 1 1 1 1 1 1 1 1 1 1 1 1 1 1 1 1 1 1 1 1 1 1 1 1 1 1 1 1 1 1 1 1 1 1 1 1 1 1 1 1 1 1 1 1 1 1 1 1 1 1 1 1 1 1 1 1
98
1 1 1 1 1 1 1 1 1 1 1 1 1 1 1 1 1 1 1 1 1 1 1 1 1 1 1 1 1 1 1 1 1 1 1 1 1 1 1 1 1 1 1 1 1 1 1 1 1 1 1 1 1 1 1 1 1 1 1 1 1 1 1 1 1 1 1 1 1 1 1 1 1 1 1 1 1 1 1 1 1 1 1 1 1 1 1 1 1 1 1 1 1 1 1 1 1 1
100
999999999 999999999 999999999 999999999 999999999 999999999 999999999 999999999 999999999 999999999 999999999 999999999 999999999 999999999 999999999 999999999 999999999 999999999 999999999 999999999 999999999 999999999 999999999 999999999 999999999 999999999 999999999 999999999 999999999 999999999 999999999 999999999 999999999 999999999 999999999 999999999 999999999 999999999 999999999 999999999 999999999 999999999 999999999 999999999 999999999 999999999 999999999 999999999 999999999 999999999 999999999 999999999 999999999 999999999 999999999 999999999 999999999 999999999 999999999 999999999 999999999 999999999 999999999 999999999 999999999 999999999 999999999 999999999 999999999 999999999 999999999 999999999 999999999 999999999 999999999 999999999 999999999 999999999 999999999 999999999 999999999 999999999 999999999 999999999 999999999 999999999 999999999 999999999 999999999 999999999 999999999 999999999 999999999 999999999 999999999 999999999 999999999 999999999 999999999 999999999
100
325976483 76823620 279509806 242790881 9676858 792345559 322056553 632488502 444723554 70422962 27172325 26697435 40309279 992120464 751627327 499482549 277429832 736386595 471708200 940778720 417787658 306890639 248789992 1849130 203226467 672298989 938207958 331602581 313746600 206347466 864661473 149811929 787179775 316412581 803189770 927999455 116383718 441504628 174616807 673419335 374281898 198091552 286986530 599715811 702179569 441414148 527003384 80656954 893508913 110880114 519216315 233703686 370689334 209550382 846701392 214278326 574671008 936333553 889270962 989214957 121514850 989248231 935422061 954621185 219371588 909664305 394002980 887357564 317441890 988670052 414068747 922390943 67181740 901347593 602287469 528977370 383612516 817020443 753396007 81469525 83003299 101430412 92357163 801006699 318863571 99958976 258387455 458482217 969793590 770179343 713114427 91883220 73141342 87104584 192884239 8454496 327965875 269122601 201731258 483571449
100
432443377 667480040 643537428 926138238 668172455 897273517 810971653 774034433 675811768 359911957 782327307 94576456 661126878 741452977 442045368 171601999 679854882 723473541 923371826 636973764 395943269 663851401 955122098 537058698 860076763 13801515 850385413 997981495 619696523 735514571 45480206 953758357 916445904 812053310 446521410 581335844 8347611 16497484 940090410 646193559 720649262 173401394 588958949 87041107 576768546 137832737 21197987 440404979 721022306 749994685 249589291 754905542 467186542 368799134 812811094 621852751 128792089 645010898 387235729 678710212 840829964 318238297 157641823 871640720 28415297 341882280 889704917 587344338 275127176 441798183 534407965 842635740 816353541 945829555 467510003 111963316 457518256 69066013 385837611 51853974 434654931 145402024 607469609 129816176 112700304 350891151 893284199 469899876 891668825 739168893 304253939 732593737 522944374 102338323 115876846 791115819 190081154 957165157 139980814 698886343
100
36571886 452291197 644803100 984611856 181091709 23953879 640815479 222572461 656643014 531569123 12729744 635265400 327847094 592429447 496359020 633009152 191773963 867979674 556097829 707998984 76819930 820585322 135106665 913072646 312069385 47739191 691631353 244157605 298097110 968374453 816013356 947090243 742927694 936531854 326152297 986313075 847599831 590890974 341708720 283891837 672470695 897009845 738587154 22451673 966495306 22387865 774825524 380160952 435411231 218915329 14502353 419646331 320425692 754648027 883663413 208193081 868178438 406765063 467569858 677847358 216070266 386147801 505226095 111818374 406264807 233105051 652844868 877489478 326729809 904311304 746167007 735582308 180302992 745164499 540049650 289171706 301768399 534977822 17493698 396941015 708506381 973867267 873242282 281450237 319497119 396836111 478539926 265553444 524559788 994309826 735799944 338683702 98771888 966876944 976165655 419053521 860394489 513566946 749361131 973756616
100
3142445 339701654 564794434 119183522 902534850 644322683 346802542 476275226 578980741 832102486 273526101 974869661 615808532 929876961 851363568 660381903 980050276 747314758 681389772 109205766 373203259 353453224 625405836 719713741 890192054 881989018 505076325 601655395 16266949 116565925 141425056 628417850 157086378 737632711 187469083 257048184 35569790 870552559 311455945 437108345 807780268 495912322 574707501 707220555 788198772 731661785 792456675 447691312 545698665 504432321 771024920 600753696 392982516 722244857 80507149 657850948 38233807 833444535 962621591 503356284 952563082 552351268 142420898 242483674 617400841 598270939 273319593 428263717 998816003 873556334 43272768 183856471 916280965 437681121 324531083 649059103 199712366 360751149 705025732 463175776 974517488 110242238 171803064 956802736 296426773 73678070 677762122 179021274 931896632 538011560 740937455 369094748 955071880 856476061 408515889 831486954 901405320 418102034 375346733 437626345
100
12851090 439139640 282088212 639433717 52813135 372908211 718917037 599291483 887982144 381488668 246061778 405700256 223404345 339264127 318236398 128098808 161359328 901985758 784914566 687984591 266776371 168476076 521285805 447504964 498209279 258668370 595943309 215990441 763348329 229118125 626803429 571910661 102715241 96321166 22964870 643669394 528554314 872179513 628210901 19962687 97416748 585936614 741829965 413234222 229941122 547975748 543082234 843648311 843502997 904382193 993219838 914403172 1387006 631820803 529213711 68242547 13529136 572685442 200548343 893913431 575037420 710482923 219085843 89453239 986106314 975177903 999698901 780512622 189188535 368345777 546078275 123373321 318712177 430291404 61926261 306832972 711374093 988188747 901281562 564728237 553891698 744764271 585134836 463020504 298419420 431045101 943974743 888635433 621463897 568711277 200008110 884238645 518449487 913613324 734400246 20653889 377665524 87425243 854664258 360117961
100
193618389 366783581 76500789 776314619 156644688 468286477 954613899 571284025 226309913 168626134 183691920 583233179 779451065 647468697 652194727 159251051 230397706 858990763 502882500 810722471 375291068 924525652 613473266 326078850 211620052 833618000 818586319 822365411 260124456 370156626 902223115 483777764 639921380 472155517 559083757 42439764 456060679 683053801 346008526 173959990 64692967 51693604 196280475 891332416 831790249 410751406 513882199 4286557 581738954 543487355 45411991 353546539 632516505 617483637 304075268 846928254 530971066 183199736 217310428 423654107 920736932 447285332 108156786 493312766 298872868 220238159 179125418 771949652 642999768 926551968 844739710 376139905 123606965 694961269 433700475 923978460 978396802 144262638 508904516 555949806 14183002 582432159 63326222 969714423 723969326 275205906 963696419 745638505 398374721 505207875 740843615 920859755 981685674 312039458 778648246 914881111 805736149 377054997 444687788 202710076
100
296901378 245402483 862773211 610607964 907212485 278609930 707678577 664785583 935076228 318677657 809065135 603896671 448242685 659288151 919065195 792491338 720187581 603709546 755189903 822568836 507077801 751608433 999262359 612811986 814947193 548177147 639748119 12922927 627881528 292855310 495229747 230869323 1828294 745446305 828117798 678939399 433293654 616751649 386425020 852830714 747368688 748431088 832107735 305210607 183444464 911816417 576360685 603166565 740155781 886335166 846414216 536335885 679118131 325240258 356682437 130056528 975232337 608441376 840906454 175667143 471709580 691146618 679600256 821562049 242260322 43222378 897088413 464293056 577871016 670256636 738597788 77987836 873542149 375000114 349048828 434476254 896826741 463664767 718590164 268117638 197664966 173262669 858408270 758648646 41984542 644609399 993059368 556549925 818821235 986067151 540020274 57504350 226169361 286008473 554641106 59874782 145244952 304368142 182076035 332667337
100
330942460 701348059 935604049 514398709 846356995 75794847 112154974 944502381 35553226 582042224 674323809 914664943 586393025 770781527 169848610 971728495 525232298 700264655 412205567 493495698 956085790 226888778 700869995 329369908 868619016 568112300 127542633 396743650 706422312 961445582 876888853 966816097 842228881 43738620 957766427 963973925 829389355 82565240 288875070 721977050 491824178 356038133 985526739 484740319 754884533 664015388 359199299 328655558 761757720 869370122 638270861 144887766 200555922 286741456 94257601 32618377 503860144 420528882 224728966 18988046 637617104 186508009 156416149 141418696 906492327 521447585 970538555 360286413 185404859 608915963 7858139 232543591 70804970 412598860 152617834 190645911 61026274 237894876 439260145 44833677 846242214 102685545 580041743 122530609 806308879 58187937 50253940 648474782 434804553 25871531 385019495 451046817 416006994 38573471 522508865 72502590 204213886 862211593 326187504 138672172
100
522581493 650158954 383439221 671458132 249003060 195325623 909210982 737604181 233949064 344043736 104384365 978362371 529887894 553244458 626943175 776841956 132612310 738464254 914591429 906276274 596510995 831297816 487330126 944593883 658384364 497506352 381562715 843419140 416629335 39480180 24362362 183327874 556344345 990148612 722388045 623728607 344216654 506607221 900896520 910565211 172664807 121786703 560986613 706952552 703476263 359294351 662018291 995847725 250708774 640629542 354694643 329266181 932363342 525561719 899019130 155589629 484873953 195400157 370816803 902503001 361853040 113348643 369101338 297446671 87804773 541360906 687593889 724872778 777367931 88916678 419755919 216478952 412078656 250930049 883833547 948011261 888577434 437780951 479567318 171108430 8867391 756443993 446677823 981964503 622011963 625582346 574524972 454062406 207743854 25330661 937443031 140740989 235555851 227878228 329365263 601051412 399177499 131189178 45040819 396372436
100
192743672 274510571 294644795 555455549 103001554 591393967 276199215 381260289 94522925 166366019 598676141 352552583 383983969 803740119 332695015 465810281 453651993 16317200 82588835 449910518 111213781 583796616 864295865 108639920 600358504 837993545 411177881 311160783 126778490 532880214 248102082 530532285 110311943 360630307 648921164 894669976 122323933 301313047 642176095 177893812 235186978 867768593 603414714 559078422 711438797 22509536 636043565 732809466 246896936 513230026 450595359 399087181 958890581 178994182 517883144 763664179 397819589 55996994 678890232 384881794 572976322 616706333 768424719 222034246 980572646 38662062 2230019 227577147 648100770 892759291 921258397 693035862 231218617 326976643 543287611 747492925 372334274 648289973 714474064 639479498 313928873 557932407 736540640 209376908 369536302 186779296 204790789 547904581 127354980 264430717 570081388 298069613 158580531 635198544 460571864 452177325 522324952 65811660 202075550 968799590
100
50073184 109102235 645590056 441114664 164994352 610338520 497603443 304489019 692234112 158100373 854754448 211232793 208084443 214817878 708566822 545587953 639052960 131863700 610066926 509430054 818442884 901276220 204258614 164762830 958963982 9442349 923652447 365177396 882071834 197720766 1061215 453569111 779302743 790318645 24769856 222486377 50225353 697253713 841245343 274400592 369584967 348825537 831491374 26996264 780964862 916411562 351540018 641283774 806220268 406528293 138583557 270883607 569900645 968262334 521345173 615878375 932280210 770079222 360381923 457988635 171238637 895405762 239127430 112075088 464788423 205607179 667905574 463685721 336104387 809364780 879836673 386887356 773976920 918788727 87518569 297700405 664674386 605847472 611974979 367824179 565677649 302111120 672488841 840803670 780905800 616613699 540672457 942747639 440522751 828095723 923648933 936437408 891925138 588992539 209290065 749254031 16108785 899116124 913678360 269621816
100
640761694 638207915 728659672 95163840 834338545 894443257 850133121 770924419 903801879 446954154 334260377 577285518 162211599 703619863 678472635 341479717 940938348 260356364 245170707 511519039 492805526 170565706 5223396 859854597 138486600 699204614 956482562 148785239 246708755 627555688 422235736 18125894 961950938 663860749 753776228 101734299 22648149 833512070 158728118 499354959 823623822 166183127 80898677 306181905 74160486 500540152 895309785 766046659 476962577 420882263 979560114 951883261 605691286 351978837 883315680 777113737 547830352 190040004 27133656 298653413 436315247 20031344 344968742 127723972 169764728 786633107 396719589 128767885 266229697 236616286 971372104 686685403 707274998 173378935 283864597 378088699 323792535 316712053 610450725 610824305 311666807 286471526 499347686 710674803 882553151 109705035 265581785 911933548 151802600 651130518 713782548 528726651 93422917 551807410 952556224 992340977 987743351 267281787 314622620 583032535
100
787746166 484067266 434688376 924885861 662445199 308635082 379394235 347660428 108877281 710524110 528052958 27414126 665456095 311597689 579632623 160763104 833232849 555217772 101488655 758245871 466683986 485542331 174051828 912288344 313739731 313213296 658011496 648151054 14653719 53189895 840033224 315726007 417016757 218875376 623164549 64203312 385028250 772650769 504088998 387677445 24191620 320880449 865083461 315839737 381483144 701134798 554002702 285702532 668535436 594626296 686634179 575528528 796312013 11717236 80190138 409640380 221479259 288918505 565085 748951897 531754136 272364918 661269161 913495663 895302589 12675627 863258800 562517113 815204438 888649867 665856023 479210404 878985664 441308944 165123224 695198037 986457010 905108647 383113089 837444256 375071921 985218864 213283892 554525905 456256666 37237759 89364645 397670887 978611996 877060702 654535647 423428372 154290747 556605449 382268543 242249023 868055759 720116656 377193271 639762306
100
860419331 193024888 844052301 317361579 746151126 86981498 119084313 733534911 260933277 92359747 404197002 741081971 353542015 625833811 333218 562359986 951300599 109005214 906281717 523628058 317154902 653014030 167066158 949534334 52727615 564119038 133035659 783362661 93688873 92953024 937291612 185587337 78579681 292772121 615679623 721968730 550997253 677895104 398596359 112471161 529699978 250292194 983553897 883168573 811138614 837573793 280065613 357958961 730803494 123156112 409691371 116577172 125687882 968351289 832314763 382179031 840464612 168008855 238564364 333261091 801200397 314922396 585087582 971016913 903601200 989274284 355563784 404147439 61673357 561146656 837080995 850982850 177840823 754052805 751440732 146179390 437488151 310388826 816472950 338674576 266147174 785854485 900015046 19467157 703864375 664904223 218576693 773241696 454911083 519118099 655439938 824118968 230062778 207278723 860534141 370215319 249657649 722657651 27355661 195619500
100
340252078 264466652 73612331 292691930 225544294 622048299 50590117 11821751 122767456 629049791 52371036 258279694 659369464 726664558 310203078 5725533 919280477 859620096 94308460 27947864 834589458 924486323 425629293 842951780 431051889 241518517 185474554 416380956 482431523 945352877 428899544 530832080 645167273 92921907 697840097 182916097 273814231 682590548 80104323 930248423 884309587 517711375 994067519 480054507 947792922 525176794 108687147 617350189 154348796 481765405 428579953 391231487 335916571 840284853 747319246 872927591 161973616 416808051 953652500 149595553 76702790 269978523 163722408 836573339 661757885 923563110 275295748 410700152 815944008 386209664 563625526 523845902 223476015 37779594 866452575 790300264 331213070 774672537 815749174 820119364 510482004 909545653 772353155 213114005 839954629 273930331 644727204 552754434 784896761 331455484 369437707 592884581 63942363 199627644 825531069 29154638 454413866 710242995 256094164 471830398
100
746048251 392908783 818801919 155898988 118539829 31925872 88664061 975012547 111650835 568523499 930574630 227647970 770029734 121344520 764515810 385358427 488260689 474521316 2788143 186733172 514705483 95602064 711680031 419134633 820061984 354698128 579218007 453290536 2631473 455120476 570592402 265092947 201725743 643293154 110908700 755058754 200182436 16443138 24694360 169102654 386958442 553312273 393394491 121473863 449212721 291673431 977452494 32420495 281662462 838408081 772672943 975525117 736941734 623233647 678016656 447179435 981818967 628307735 507771063 804409449 232106000 587836576 513990525 206093879 588097828 25659032 677125071 433715151 416270780 156448639 488118960 413488920 253906769 460420938 156700085 635331252 775122742 229846496 168781191 137628787 54722828 643931040 521982053 335791582 656766283 568972762 799975583 164112045 30596032 599018833 261062940 628848465 137709065 456156864 639970261 483290987 649161243 512512849 908704856 926500435
100
40422589 542079271 473121350 383638418 936844810 925055446 302709717 708959592 629583859 13587685 346576462 578811207 729840315 613202515 283538064 330412629 621939065 266376975 419393931 292167150 382650009 684747135 858015430 424526880 322556507 916648954 817633498 610499118 142632275 868330318 247217653 405719310 892692199 793411899 989452888 717081067 461723604 397154549 321122521 538724515 891028650 117675430 361262434 214248521 306776651 37328617 837725552 233385892 816969328 953673040 475929237 44685743 419108388 346997472 135937782 416526359 147211847 348982160 63382477 384942016 171002892 480564174 451072488 102734145 928413563 299001081 168259112 911276387 30014960 329809383 593854979 756485029 692908698 714924897 784941571 119877307 700666621 306558627 589903429 715531 354393456 911506397 763382011 908130606 821477280 38677172 747623146 928630901 353107211 137532097 343561197 548830562 426737542 501569553 455607664 894705194 388089784 662905763 680948981 921994042
100
491158940 540908013 579403923 963680175 904769795 612293976 829887346 469148124 958729232 956560063 807555664 469547464 50884538 540438516 40794111 554262957 339809357 653591099 150913508 593073275 192164841 755589325 857071226 421702226 968658690 271052631 226536397 80856843 921943774 34224248 957106688 815921328 833087002 266874950 752837575 492599296 417775910 83054282 781656301 139623660 627340996 743313535 119270608 793794333 982822541 577643223 704861920 850847851 129718124 40088758 480153892 856755047 115608096 776027381 956123828 733449682 860020671 417325792 614011456 83696932 529193518 900921529 122499207 323854598 798387369 483645491 143871713 63098328 594152001 757708023 902517686 188796716 317054041 383876386 805231365 169940553 772504361 339210181 180938974 374309545 95417403 633441124 191081960 637209723 912001777 191732856 430362076 840569633 227812093 39015917 900559367 505187251 773599974 381087652 600827340 98304379 55760010 35720434 8119584 169955959
100
387901847 766189344 601230605 770718683 387231248 363423721 251893295 775236236 228067022 712670206 879872314 255630757 775999996 747442053 892499314 553437430 413251482 825794710 562293041 399791488 539585020 482732477 571679332 298899450 896586312 419298939 138211599 546591055 570922747 732082117 620352453 689881886 454981733 3582595 604327472 690764345 64847656 987548690 672121743 910480166 720694973 478245571 304581939 972912289 284436975 744886362 360556289 370366488 520558429 1128591 161631731 858824238 456662012 403652496 361827479 380856120 573012372 327654525 129557902 888998851 357456702 644574187 623668750 583422220 732904428 572428898 726369889 858855302 298450657 1902815 475516516 837291352 549157941 457143635 141577225 101756124 38088018 108631841 170972117 761764130 416887674 592434084 990128482 29950058 522537022 254246567 646582750 440442030 64964104 280117483 187788939 666159126 493999250 680160420 375031613 747227009 762414445 943890428 867388127 567952131
100
284014204 219367823 743290350 790730849 46151798 557421806 968015100 639013783 92703079 168873244 143854382 978869074 12645167 199275284 841102015 911889783 270379521 338838593 888152443 257784218 637371622 466080515 105333573 448010120 523769912 983858481 433637009 770182589 120361511 894475410 212784362 142210030 326430519 287932771 28240749 557757313 469506240 197666516 447770444 606438928 973855085 113333131 704165453 717856234 277143998 588521503 864231753 407114386 216946822 22427550 637054637 299530046 60992877 283714567 822879484 745220441 477788526 329623249 926033226 56545537 567531866 706985315 549840323 457098634 922160212 674591641 755200546 663692793 167271508 107598918 912852026 375942025 354729636 934187948 802884721 744167466 950628966 702621701 940677184 508586749 549478667 205856766 363588276 670463705 413996253 127770935 596957936 938688201 433801078 990585540 780191913 237399692 116645447 477522351 862622888 725869332 85016338 32811891 889961292 725619975
100
744311409 231728258 326264069 23464769 158424141 13130433 702603482 979628368 835072615 296977415 532414692 608514039 104546514 989890209 13298897 344407979 134208630 423529937 113301602 696546073 833846159 748489802 464541677 117820830 229007917 697882294 619871963 774415821 973559986 236140080 111033899 124228589 857107543 49983178 886635758 776864377 285445542 399414281 478077641 406683294 436290817 347738468 222163062 739316416 625300762 674038984 229819459 66132725 601045881 770441495 993698449 902154120 830172922 838360740 808961110 833149304 209107532 454995384 339160988 624658678 188264563 205443857 708149247 482854891 220952390 876367454 792518963 917546095 850689521 204503236 226951036 200701267 589489013 665075036 72820789 401517720 605639971 726149042 518965322 447576566 313403173 675081288 479702205 137382230 191235829 254414609 7147300 422240600 195171812 544507894 769343529 822745550 496821141 38033748 323484169 773494335 209821311 454976636 990735638 517289573
100
656641134 904216626 260277813 614629039 731982594 60233007 622646113 810739392 421815854 402794655 622824486 774239214 850018490 749018276 655063078 975479236 632549570 269597393 372218776 33446016 8131638 825991343 25066436 32979862 712818520 585126971 370187656 225488427 942512448 987787366 70836694 394108314 179688539 974118804 943850547 780178419 667942120 353808414 934663994 35621495 862053242 71691984 328014103 761246749 638803833 549337451 64048141 633680401 963424160 475148580 566267633 952230447 319034496 660111139 994274732 996625804 950111996 690042117 894730172 552660718 432670411 416124763 835086515 794849103 708573434 121755689 527477943 928116830 372302439 728697192 346586881 54403325 542578247 872762756 909679710 250671044 1561760 933781982 388239281 246494589 412681936 601131851 179105903 467883942 817076740 59865747 392890657 174657778 917594050 626463987 249726949 356422088 431792224 519248027 785869038 66628290 460865930 347172657 462655744 80381744
100
699155648 556994125 795607029 87776659 772875733 606381563 390487354 230929954 783230321 462590780 541196370 823823176 344858000 471645828 772810578 595628067 336346626 437785661 226545507 931623687 538439401 826537795 45159236 657530873 911875901 424507751 766468550 248433973 296286539 959130605 930851918 618678185 400793394 464000525 87455574 666010487 596916069 943703925 739363563 381351031 587012908 614441669 989416752 403123890 396391202 218231825 72111835 633297128 530325432 225983843 966382003 589966091 752850865 103113527 137872152 729732802 879806628 506480382 154127483 517503975 668374910 791392155 761656289 722296073 97928445 729994729 22631012 596040683 866901557 514364722 350139570 714644995 398485263 900853177 711431052 513111292 111990469 727109426 777235528 778890548 167068264 4800325 670629712 432510015 919777626 225084430 222438561 401943906 729844180 447277216 359502925 817079321 856950113 584701309 616390393 387443345 806712161 523564831 189115488 919521838
100
166382472 58060403 110130126 366728711 325419612 929371993 350324901 926399333 720468410 872166181 764835547 937032264 844375377 967084321 843732858 806492130 114079525 652125449 840238880 300449561 411722254 680424333 555432061 806238473 50827830 876469970 110227159 533944704 419056543 873731826 333862536 229111169 78048411 87118967 650087807 501027266 737398354 982267108 256300475 472396077 51011903 16420140 556160980 791777634 240671155 96546873 639885170 357751092 962411601 461351270 860364755 397233960 385739920 217075461 942292553 103811577 910511933 883820251 411891386 390338326 970835702 434471071 251916831 731074338 41454255 96828030 795733765 166080628 940248113 769686938 469873167 150303637 788990102 41039494 452598385 162337220 844351183 753166284 121678967 757830005 415843870 717178471 188593660 697508557 238583964 38058569 455060723 518118952 389083060 63039702 705048546 644876436 436757158 344749927 920793186 903851091 327350533 583843273 79540640 150137693
100
735375673 143033531 15098591 452113371 262951166 105621108 513939444 381395117 814177764 550548250 808315337 914065894 515836877 617635659 638776026 26656586 863478641 41212056 679477691 520462551 31555293 97177605 368283024 170778425 778023919 263915659 725233811 428374612 833650908 301705623 536938641 280460734 374993579 568215432 346174317 500593985 859830200 897749556 3953564 221185374 35226674 956394339 294610600 972077509 507017884 588840275 856943022 543917535 863000144 144489267 569651679 809614660 305865207 316301224 621494018 618929221 782394898 417627466 623219696 736676963 985334645 149088552 596531479 16090837 636075462 550079808 646692088 412069639 976752130 104333576 823910058 526107413 913005305 35182056 447886932 139890260 172621773 356880829 841374134 933371850 877463159 620765528 243100833 595783345 991100482 84613373 720936826 385379064 267615310 977032421 868777916 88938946 245990926 200256956 643093619 662799332 875616714 989060899 116839617 799284331
100
366330654 564761647 882835548 594056980 509233529 734084072 728998926 226131667 937610399 547875275 428019764 654290509 597251880 407925321 203937088 935523933 569360127 415640902 210616375 385417363 765708771 765428378 752864564 360710576 532340713 673148563 572148707 361742891 744232440 701128306 966254087 714457775 119216203 147165929 725968372 559263386 982248691 504524963 288301845 269224064 974536275 912608956 675888743 160739495 53548962 163765061 388574460 625221000 373242732 454868418 926915194 706523220 6311954 447026603 828122009 860257645 890587205 829671662 478609065 837109992 221836175 990455915 891637257 332637970 948523722 962449015 804980913 988753640 306695846 333803354 546381481 749867677 920697384 919061457 290712464 81133080 898520357 334452620 142766358 855068019 988250827 413994929 820339586 671381373 611510809 73327447 28194860 571036729 220968034 149881868 304744964 462216541 756366287 513158224 166012426 918857940 182924761 405354008 26599891 139547453
100
759121874 846623052 420183563 521225833 319638365 31271496 41964781 200110560 61807858 160609375 722568397 859415389 346052188 33985619 180686991 821951310 158565690 487903455 462839852 498105173 524458369 585993005 619821364 831183049 993953272 305213792 584263495 231584054 535568570 118713100 883629723 604829400 852798904 856740793 264100985 710490404 48475957 115969379 535720384 371742016 391071304 615608573 491915105 954589318 194667869 380129513 392514785 911686917 935618740 212044161 407080666 342368768 467035873 276780434 64097146 864813165 227676490 571773660 267968770 910482294 27265196 853142163 361804872 948070652 308699031 13242849 735745845 229344783 728655085 397854817 551840584 456215927 712521319 887112870 168398354 28952622 388791056 209575090 431174072 234280932 854056904 924854399 226478964 640896378 51512258 512649850 751535124 47520647 103630598 173970946 232507002 189896918 881048816 402669550 157291546 206989542 984292527 307003652 392361343 245881961
100
44201415 219942531 237441222 833523653 567864975 228894362 810229793 701846934 34262708 225274094 103659093 587264810 137941940 423327000 372314428 730109699 166735204 183693093 75045956 47827289 128428139 514632724 899936495 400208534 434816708 394521691 13187409 4016088 375711296 932982883 461077653 439883122 461620482 714416903 797791608 585406315 772888577 653873689 563081932 332791805 882944393 800242910 623587831 564601879 613300154 147630221 14901105 228379612 454352136 870399187 418341194 50806050 466263225 249260625 206327713 238108660 345922922 68983581 256091438 154806545 10839435 315822397 155419577 144504426 918432734 68559151 255616160 507976615 181516796 205662308 30889813 25545891 563672272 435476416 632399326 485023212 922096921 882364444 369886036 152858948 107790316 751483588 587263076 108599842 405743921 41581562 556340177 57343538 638497313 839607153 629147376 178229201 936413646 286692562 91849258 291525266 518971803 519189050 207383421 649504187
100
93146048 180665018 113689340 702696136 44913607 818959574 605009226 441486823 450281746 779899655 551217699 266511483 454597459 525274169 70901972 302652314 117173009 315198541 668726462 508383887 708588074 42326680 507420119 561090904 711592523 640077923 118767912 153513768 486254458 505000297 371993424 363707623 411705997 435773532 38262527 184146861 132068272 575535967 125304188 976722762 753264355 802816141 53212960 931609794 210676346 276870257 223147993 438901961 624961947 793120908 891266472 774941771 2085571 996729811 236520739 611910887 439802434 360331566 960242164 328857966 103925434 30397434 11429207 290743913 273532324 64836232 24525472 401795217 350734795 368095900 42019251 390002005 823228878 82879470 948200842 105444695 141572258 778848940 658488499 280809199 3596814 905627127 852226511 768310951 198227758 655137889 623368213 206508989 307052273 437276789 359555020 153700004 792882331 457473839 951268052 496978819 16014916 781666944 918777630 829339828
100
327407446 59016652 24136495 937226054 444700946 11274347 272186018 814502780 806607116 440383531 648692899 143628108 91236267 994157516 298950772 583535841 952914090 922692995 598401515 336268058 654449562 799300472 597289970 112095752 573246046 375430215 854602502 655427444 900986797 616096643 663032249 259777366 54187923 377184303 141890865 891549279 186476528 34758467 19409830 234528880 76449015 721541677 799401703 463071009 905329585 968955213 870443734 674169915 554034808 867753079 682240487 983883326 540616060 738471285 264599462 53016796 10824513 847807107 893357358 290078588 57146143 952306897 23781810 976395192 853391809 82446597 556848887 159559135 373349799 95090614 252628440 520542068 127024548 637074418 875571393 964451757 551146848 733498297 280636981 789306356 897993686 501752447 953409353 456491626 584626647 538121646 877692454 500474975 399178886 15555873 687460490 552295131 550245851 239944619 601555016 955396377 567832352 493435790 553650115 631727878
100
902072694 939803908 116368503 321064390 100806225 726622906 698602865 186161200 507235832 536629328 874951122 941353805 489712646 368029914 619551567 711269085 189155820 698514786 490815668 555975121 771477356 170427235 350073948 304851154 29041951 377130832 524418235 21829305 5401329 512822539 219541717 68571925 52795552 802374254 218959044 978419368 167002176 193631174 986849333 134191082 809337529 752825938 870802155 969152901 310081607 708541128 184604475 754837719 492489466 499036625 663566991 237259379 551372596 368586376 842855395 477722784 690929197 307096320 223436363 41668568 29317746 294337723 140482411 650554699 480995938 537024307 609635837 663640410 817079984 814681684 318134863 649841180 145429732 208104192 771951810 921842652 401997786 528142218 675338828 32127896 401258049 384150075 596914935 27046788 481389852 652238289 335738464 457636741 793209413 665412603 124667961 148540855 837902565 368061406 617272007 609948904 438365694 415496339 995767140 10935578
100
345565921 668961702 204358398 595431941 230055864 170903449 439688854 299896210 870370301 914057823 849203651 596207713 933819137 560850913 68879660 462443076 912559718 109459580 577257233 689120450 573537957 617367937 165810115 159976853 818605962 412885940 555700264 295358764 70251187 580037070 730502200 622878506 255528980 947563772 264626562 276238565 593857141 98599261 188111272 919848935 524511730 136316039 149999326 323301489 147549306 588592130 405746287 661085683 623733330 490826187 354361656 647959957 956124303 575107283 837387819 49396402 54965663 836172158 702258382 139219799 180398529 120962085 464163257 749174985 198266248 732660116 50079516 140823036 118188636 97199500 358763830 426200604 33911032 238082882 686145247 351360264 805813741 188241374 287584767 367933394 655960606 703411454 877805076 768849728 871699778 4263216 289952433 613025870 213772902 31593083 579476985 276104362 578989160 625156823 142438184 973229367 295321213 872193200 390867723 568731787
100
980419755 934204775 122459266 709926768 48474192 284334033 296313093 920278886 657464985 145667254 994848540 5955872 860939020 548537171 851476198 497797379 349682687 791901656 685301395 430895530 912831774 158241259 923214058 486120548 23354345 922522404 52774852 530553780 887755827 364047759 277330063 935704016 977048740 381700141 278086859 105831715 466382648 628602227 892570768 790884556 682315711 870918601 404307719 311351581 626318939 890059276 918657773 239355420 362690564 217958924 153314579 569908229 118225671 390053647 570678496 858406853 705209731 405786700 837636813 274351489 472204267 990001009 996356328 210956045 279477127 875502366 74015570 66244214 953855218 241483112 951144129 15244921 330854557 368088151 614080767 196836617 669411659 577125991 230295912 920013773 428805779 43283211 968442736 803652767 221009250 818435877 398780699 108445198 835531382 625700752 855446915 244591581 900880611 611022743 702534998 452924290 668252306 938085754 492283222 513251496
100
831560893 346777840 875142871 464729517 215935605 407639968 791330884 420001316 751950620 857722791 487218586 940569429 590767851 850466837 31088362 920470200 11471725 986110319 812634844 863122558 927820290 586748975 469228327 648655368 83536477 850933567 975125274 745818733 197844743 651835010 160996886 6813433 706466266 704809804 81282066 311375784 525450886 972615908 266108950 811475375 87834895 31451401 663285952 93232116 922722893 232810090 460184770 94516625 758841450 457115437 528141153 536346197 137719144 622249833 922167544 500320066 840668057 715292075 127376243 786363152 715313701 938253173 927464149 987923625 942157703 789681082 736522162 395663275 814942224 895255396 649916341 9561833 20232803 462666191 461574172 255177962 181309943 919133003 747977271 92907113 581438873 763731869 955934188 325163219 316699623 603587710 816668726 205402828 321050581 326886427 166032801 785084586 911049004 320156563 200240848 541796088 314789638 441984380 30684920 432494325
100
246429780 958526559 333588066 387409683 607688280 508638519 598840556 260466040 310904107 673797110 564103817 227056256 326929976 581479425 913168829 920569657 906349759 627912879 295428129 506255845 56521811 919422925 539340005 991295100 468041564 801361437 532806473 349958951 415623062 330482642 607581987 868867782 84550288 402584853 86717276 173612395 845969967 22592644 41167987 207627485 994667816 475744173 989323000 454380822 876201865 861937560 338587154 347861701 361456432 785675578 638599162 886034893 887491666 946931715 940780670 467232708 935768566 874138193 830931839 664055413 365719672 285752826 91927923 441179230 805224454 776526023 770671587 617995571 230076710 676872435 47689710 418060377 255310126 368809904 804975301 489927532 864216267 782684066 348979757 77853369 990065787 13132130 441854208 254378437 887564563 352840700 383679404 611536836 325680697 273255793 476581042 242874402 62712042 136666934 52544808 591196926 563175414 104688307 851539256 437927850
100
171018879 921231814 993155743 507397421 906102910 360858429 407642926 799002817 19149118 49440607 493591885 876884565 46334431 306095716 203005555 71771915 41396180 604953336 964269999 658003899 230346597 588433596 743768098 251723631 46747182 118463685 402745731 98677221 359341982 228304923 969427609 729811472 427662713 679915579 264927173 24832663 101932119 738388374 891628405 386719829 188755491 741457424 856661170 663741655 230433436 536291202 669392275 294042849 882767319 34431544 75498439 730251497 327942843 339579251 243652368 573374363 847291779 689647591 742859714 318977619 894361664 776874047 811766600 884204454 452715349 486806421 890610336 544071129 378742265 642080250 534854362 672517480 37741240 273502452 245546396 854083969 761817586 120360442 695367585 353007238 366485595 625514234 646433077 518836879 887362937 272565972 270486203 423011302 57564714 310343133 552126247 818684809 170150171 80163933 211670661 742570411 10463569 801060113 210880112 177013299
100
411570340 555246505 241699483 239037243 429966399 846243659 794327884 842562962 633870114 402050830 733403612 295896891 33129120 498218112 870687032 367553516 446551265 735462945 561259619 849590672 618077537 628589030 875895538 853968069 63480175 928968631 535861646 223458655 503176879 477002737 376952950 315510499 538483609 9540068 812877818 526153997 862481912 978590805 971448065 691924042 702234987 720741886 278500740 699728446 730586087 100590090 914639632 875234368 464342579 564866201 416589640 425218009 55873130 974269250 62268513 231265609 313525373 967087500 44859301 802841090 53138607 141524339 653127665 365588779 397490199 143313386 224355894 870920222 560297249 92757843 958253563 740767978 718922253 412188168 177916889 411209425 558259055 980350166 762463230 155892427 526972077 380169597 240712875 646471170 241396356 829830449 254364854 150514260 188830084 338489116 639136265 116191445 818504847 957437146 963966497 162604618 892174686 423277307 531468431 815632302
100
595867900 326508932 137497467 872043185 521562697 984612462 415733276 48029236 718765688 181113894 503735105 771642574 40585105 121588747 467442635 48906570 414724848 74434804 950993712 516571431 116621252 407396775 139474426 833824534 576398225 70778211 822921798 971816320 566780078 217035863 757352006 368314110 455686856 252900904 910566591 836383967 141941085 588259951 667842956 716170661 32495682 895037241 638237721 353199496 849318942 494794117 154388456 738543345 996666604 404969418 995465488 956288768 818589309 171356270 949654201 176497159 448213236 620314192 928337825 218088973 808064840 94135615 768440986 530435405 782845381 168872064 546341129 35222196 685220491 569924428 336294761 666969190 424435214 968999247 608829894 976003641 89606036 166653227 735069251 996269112 574320570 70098675 121199508 609908513 420174576 386248880 40337284 343024360 253132792 819080415 992042353 360823602 675639403 54812401 187002059 392589275 508570932 778833354 774250904 928478576
100
248949522 815353923 944881907 550132150 667413786 687408041 91184009 697253409 620855091 352075323 461883418 109429341 278007961 771248047 149024766 979699401 572172379 459333549 976632221 169598199 812824029 829205587 306728694 184976942 127924055 755725487 396791321 412432360 686672467 733035336 472847789 934278740 996331571 447494806 627853163 415473365 130757288 322685317 426622112 147164289 374172732 374629879 344116399 56067234 282339530 70944063 619265933 770173753 374125056 734547110 887801411 832789366 760209380 628317673 923741552 45385793 622908236 18608569 175684549 119878837 98408548 381955642 671421063 360301727 991766316 928157060 399859216 955388163 317439480 23513637 221883469 649910424 892117486 616142238 66366273 826412615 941519243 534538465 8626049 55791535 556798239 290030298 89899191 237999524 525094220 373380835 654625312 212013740 458587531 990613837 566654221 870496129 712131239 154378718 560650598 229068177 827902271 261839950 146613794 717202305
100
567545928 645225161 261935056 560586662 28741001 740168304 904844049 997161610 296436766 494386647 121532187 473384301 669795062 143593865 519771192 518492865 915754325 148990591 539977285 150426797 20009810 573128877 623991603 895374220 298698330 266594166 748519306 459066987 860699563 552651826 913534689 10896782 11516122 293373615 44349031 961021675 198274638 375242669 587053405 653444269 15926210 469350753 72922010 113586610 184198343 980335603 548105734 828775950 891555647 205568512 405666591 646500742 823238628 592664856 756107639 809262102 530759871 846179393 149842995 674980460 718371761 368423026 305851278 85305450 152484077 733513497 368526164 921424808 346037116 772519574 193027943 422877679 81334200 160680637 579554366 352902591 130920401 603365720 897926497 772832970 339473995 821249187 752296942 281828983 243261054 839189966 841150231 131373664 993172757 665298815 508530338 579224276 565068431 671539789 158691176 306706261 385354177 300535622 903211990 561962779
100
621362259 41298026 769751663 536732560 639793982 86650157 112120903 371223250 672156500 826230009 818888585 138759733 669858232 747057578 425017331 803689150 657986145 662146064 478807893 433166760 787868828 364521584 601661974 567240419 269660551 839269124 755812271 645049232 278149271 497972342 456652077 744053894 633817107 369483881 597272499 429820113 558632342 112020464 457423094 177937965 505638545 472899605 559554495 865100175 589937350 997999700 214042733 500415901 755543246 848494877 816984944 443058481 928108693 786599509 857266639 418105306 415125976 378572245 386097571 542517338 982013614 221882346 374783130 915924265 111066620 479654355 318629493 751950576 797782015 464121927 710196618 174640911 780763847 130995180 81916738 32790041 753810614 852023265 94817436 966369875 868693764 609218101 638799016 840491064 624281662 330445933 176954637 480175351 191949507 256459778 31098501 569079539 347754822 105858784 939424091 160627778 75257679 615423977 425618420 757205807
100
445050298 636231536 154356547 337010873 843005238 192446911 398993746 799861009 930956998 23441297 6898624 501411360 612360772 242230424 618903614 585705471 368129241 124626424 260232977 777785724 763346823 766054602 871821715 266950812 329821599 285140634 898753714 885834003 721423179 691997674 258557808 419951822 197604357 534703277 165949793 31814762 749631262 835408588 44093232 198452154 756260408 450391205 325822234 167823940 712459212 223433607 994394993 202819524 62776741 435564599 91501338 190870697 987214179 705697645 101914640 970951315 527974138 470754392 219214815 536210651 152168240 722109206 357374505 240201995 553008162 136198973 354103589 483210593 764338111 934756437 239083035 785978193 948227148 778288732 691694569 538095104 833838814 320365120 232706433 35173578 322977251 922992232 493944424 581244348 731644314 550522156 228356921 792165402 72123542 724169560 785316896 618848987 77711423 971712173 775918944 144496424 745962320 495619680 444395981 476159201
100
948285018 225378714 626989395 350256407 360003648 537770486 594649965 332117651 4186809 377740805 12545454 923411022 829314258 495878093 408038972 273213431 828578665 146178886 90741327 414199920 938943923 336508124 348597943 866381905 715377078 631177712 528566868 895375460 462998224 893236055 618368155 517215783 869859374 612195801 907572760 391349837 426283862 823080115 905462502 15846205 526323870 680881686 745057593 180919698 79181234 898996645 158010324 954799769 717429266 656239355 626257555 651714774 745714577 67492387 86102755 905683583 253415127 286422046 474887237 802733055 750598112 207496033 458653391 382173301 454528123 182200404 243326378 487425074 254997197 14756308 519749525 787692863 822716363 107020209 406526816 551816660 470117827 774952241 462485618 537673442 443920084 959447435 19134276 851678859 522186608 206029933 973585892 897330340 926462689 194214519 940087923 203199290 139335618 667152830 17622951 617010442 355333762 921530442 239727434 261088775
100
649087461 592699032 843394233 636957143 593031554 183215640 574158693 351195735 111660613 583372720 195368790 43312147 244963055 123792439 625910179 740842702 560777361 892627195 260524283 749045760 255192853 588499004 170036255 797579603 181713333 243654574 751970917 612204838 449032578 966124283 847779383 354761994 618810334 10106943 262905234 981027399 858100994 747760778 377778824 262825048 318125689 404117601 965959102 404188522 986184611 152954942 559042286 908953826 546669107 480966923 187995494 364678100 595106482 881274027 807986824 983506828 406978298 904334962 827581512 221791753 509089467 948511143 398490033 672402045 217617913 979873801 129776480 773518799 72286603 908062279 446744071 10583320 50176926 947468935 720426220 408675369 462378545 859901152 848398439 274783748 238678423 25127903 623090280 278254943 736538360 193085190 177264366 583363877 763443407 503740232 848018577 587899124 558098285 660038031 84804345 840257439 839322997 960167735 61521764 246028717
100
737796702 456788112 846577956 830445016 558857972 240735071 281258527 602268048 290287064 734452061 784125261 289439094 19964411 305524919 737007934 682421217 49408807 474958476 900203153 623152476 293398646 867494771 805679742 505509158 837250265 46340594 941855565 343148464 585172370 379956488 35107549 467010339 707465402 35843236 554945310 630928855 885906364 289247275 744768151 3799773 903542232 251044086 947979489 643128951 752742049 532148945 474662697 757869722 662620287 558030974 380281010 648844147 560942 968051248 133872977 607350751 730613309 969605136 964021743 509766641 140401552 853720252 724138763 103110000 613174239 435912643 459158837 316846166 573175605 462858282 994313108 944905554 810323313 486520042 916553313 967413319 185272520 444935023 777524586 211879627 268652609 705131546 389426320 216306857 594894392 279422656 638388809 937150047 141653211 474905898 279221791 175625121 570955440 753777555 876714798 78075860 179175693 686009133 552249514 3976339
100
618203807 81623708 893832279 972131886 873608676 152504441 252822799 448579622 180490672 357158864 918545728 267590579 267695532 431721634 927078763 461953086 470020306 716711012 590247078 375263207 312958963 166502527 807085851 346277376 894531633 214383822 372711047 173808015 925900165 849560098 369158332 41822672 647928122 47559873 495556127 521594545 454354032 859481315 693866538 67992405 18441370 800550196 594840043 731604626 773820416 277128021 477265028 342888306 812913726 227060827 761823145 743115702 405846723 424469326 537805349 401381454 349124947 778485164 556445781 239418850 392282246 206458851 914952875 750438732 815507526 355897306 218478636 246216732 861069397 587854697 977607923 981373715 759587013 373757148 422896812 919995560 176709758 508879220 647120153 38233990 737081787 423676390 329181329 211646732 442095757 671919834 379829372 53504972 73143639 186683757 44183512 83350540 605471568 60582831 954288567 506448968 442848516 540944166 161509311 129072046
100
97994963 292182858 435461288 355112608 292946801 377802758 815239874 750011702 649778788 331117118 298321004 217895865 826426506 705838659 304090782 457581865 526826640 735353952 454665056 60164536 252830587 294858065 811542608 420606797 802096419 811884743 479851809 169844738 77715123 677239269 321728022 517161639 559937323 92334534 448791691 368618812 979308510 114397685 136372077 390699899 226524404 847749362 807174588 975075659 108135913 645269684 810273040 916109134 321425932 532492066 843651602 209744212 478792449 813420185 621678334 156241126 754256704 48333929 862622247 431833532 787060371 886286680 927118963 729175623 620158108 378785821 338034651 256727592 923538765 686202854 700557805 300381367 42299246 756241619 685063754 584938877 632698138 998582904 346092840 136602810 936193090 981886559 307889104 223060960 203451176 817883268 21693217 346764309 300374246 808420823 109701644 864708277 537723365 242192573 405047318 248670158 960333926 737428880 967392729 92401315
100
368016637 195107098 130850178 516918314 117199632 525903134 33467733 101489038 380515164 275023055 396443173 156422829 742534257 722388311 251033052 648285850 266898225 545358418 666266105 524302876 610314581 217843792 494550541 369731630 940496360 998495574 690892349 693073533 168989129 805090653 764116419 613113837 265936430 112842450 52249453 944967957 758126876 680107285 730241564 806205118 788577264 289143034 483934535 961192551 182143449 611186507 77978485 952922820 604124251 834325827 374933702 557971515 447496141 207268116 124847467 493352805 721819100 448614498 340241962 885739923 380598790 614951111 64384731 809507143 993809440 579296845 656825581 626667190 869851345 172521975 442938850 315903565 300350996 957233720 881702350 88175401 582208954 658408313 753614300 184633757 776898534 645746328 638601417 531814832 548491151 663632228 728493927 959444892 941176065 78250786 817943836 920471632 274430044 1326347 91915872 856329711 404741139 62071499 390851394 223818831
100
542968175 496992516 692461540 400770939 753254666 501693897 174696699 151942706 610881364 586917155 895159888 677252709 525230354 958087056 994386753 542915005 844464601 479025279 950607168 795108370 592951959 650007253 65554515 803925493 663937035 395822442 648523155 775521063 611729224 276360589 890207661 247906080 811178038 129162108 274941796 376649097 708894225 976593645 192141836 723135682 432636392 449350536 742491153 461832797 84115231 8528747 205530478 668205473 256865774 410038693 244079158 368489992 235400671 956269243 540612367 19072449 669446228 486415653 927919538 608777774 449499902 773712338 288195949 133719655 617675879 442309792 499235745 108962230 334069866 520864997 858655299 938486297 448166069 664261097 385157215 922952388 615998286 873442153 65887377 708351644 528383755 982925846 642912138 774289596 326153240 623919124 568066193 638540532 278931573 729183099 6822399 754038341 79443062 61359834 324787650 617609062 852335937 322814895 531983835 919621442
100
788251475 120974064 897130208 39422840 729645820 988992901 880943226 639409370 206327006 853313227 436119528 3315182 88547954 628338962 876948603 796263792 690899586 971771424 800157720 83006670 240795568 236960173 597886905 153112235 95610094 487455717 664980972 47331164 239153668 821772777 147598674 785884014 337794062 523955278 810015521 107733022 890786811 33671580 90897315 205333471 391530767 54725840 922544821 682703576 814774625 465365466 190395977 303276899 864921694 445892128 963739876 403864720 358296900 766526713 456457760 599544991 229684136 738836019 142730027 690392458 443339761 440227982 353229639 928189817 489116122 682521663 306813000 504134475 823095540 825521518 40140057 81424660 134991649 658682552 73617463 670860441 618063130 117196717 621362740 402217942 166772971 726811987 633821238 987390328 187399282 301752993 93719669 920222052 177073635 997121285 410420416 567554862 12988998 885343967 225229049 601967779 823010808 371006468 779775892 853716031
100
423714598 88759867 724271644 806548919 853961301 354350531 868363183 995960945 273951453 514746315 415455613 618031111 294108521 299525881 26073420 746411720 982892152 265844196 266914807 623390263 961726175 806762906 346717162 907908490 616335429 181792283 583824808 917174828 972055974 349681883 642533958 63898683 738735057 611856196 985688045 702246155 451884010 571231026 77665883 907187617 173018600 586676597 911200610 356663096 206951192 985834578 665821544 466242496 329962136 965287427 804578790 334558810 312373725 459834162 260710890 861254109 814096174 961504642 793435284 150127956 905660966 744479238 115822492 790738558 710619190 392746440 848164299 590794829 549283616 73192516 468279677 912959335 487477629 739429866 712012582 860922536 114892600 414309023 660526025 645032862 814928401 410725436 5760898 5835532 507320860 685713678 566113278 788369767 201210431 310839892 888077566 791733084 413058231 952491717 889694424 77567560 315487635 767477511 919840502 574147774
100
56313144 90605113 884211284 781502725 210620123 11547242 77197830 303144856 434787082 118465823 444088240 388966820 278381092 742208977 869300236 336764813 26075356 154874477 739256680 283423593 398835386 690940882 942034981 6047619 626965146 826762326 735405369 743855834 466310442 49839682 371966638 292223391 123737456 428993105 995477537 357035451 84794179 807996981 75228995 25474886 32249805 495743762 457891420 339091729 714606607 979274241 960350915 307250973 483008349 208350351 423824231 414532386 971914206 113007419 360071497 236811529 721708813 781237755 32945663 461031282 835644987 564495031 732372019 811801647 760672010 752418765 578938914 653728455 289529331 205742732 943115294 618355956 10912961 870415289 601645325 791573797 514181908 841197581 142227175 344099069 335337184 307297972 278889275 236073938 406108907 225584591 57685931 261969711 998202706 635399923 791484523 356475218 372862468 326392744 998890182 334663599 710250309 840371692 63087001 930705259
